gameId,actionNumber,clock,period,teamId,teamTricode,personId,playerName,playerNameI,xLegacy,yLegacy,shotDistance,shotResult,isFieldGoal,scoreHome,scoreAway,pointsTotal,location,description,actionType,subType,videoAvailable,shotValue,actionId
22200835,2,PT12M00.00S,1,0,,0,,,0,0,0,,0,0,0,0,,Start of 1st Period (7:11 PM EST),period,start,0,0,1
22200835,4,PT12M00.00S,1,1610612765,DET,1631105,Duren,J. Duren,0,0,0,,0,0,0,0,h,Jump Ball Duren vs. Collins: Tip to Bogdanovic,Jump Ball,,1,0,2
22200835,7,PT11M41.00S,1,1610612765,DET,1631093,Ivey,J. Ivey,135,134,19,Missed,1,0,0,0,h,MISS Ivey 19' Pullup Jump Shot,Missed Shot,Pullup Jump shot,1,2,3
22200835,8,PT11M37.00S,1,1610612759,SAS,1629676,Roby,I. Roby,0,0,0,,0,0,0,0,v,Roby REBOUND (Off:0 Def:1),Rebound,Unknown,1,0,4
22200835,9,PT11M28.00S,1,1610612759,SAS,1631104,Wesley,B. Wesley,0,0,0,,0,0,0,0,v,Wesley Out of Bounds - Bad Pass Turnover Turnover (P1.T1),Turnover,Out of Bounds - Bad Pass Turnover,1,0,5
22200835,10,PT11M15.00S,1,1610612765,DET,1631105,Duren,J. Duren,22,2,2,Made,1,2,0,2,h,Duren 2' Alley Oop Dunk (2 PTS) (Hayes 1 AST),Made Shot,Alley Oop Dunk Shot,1,2,6
22200835,12,PT11M00.00S,1,1610612759,SAS,1631103,Branham,M. Branham,228,34,0,Made,1,2,3,5,v,Branham 3PT Jump Shot (3 PTS) (Collins 1 AST),Made Shot,Jump Shot,1,3,7
22200835,14,PT10M49.00S,1,1610612765,DET,1630165,Hayes,K. Hayes,-107,74,13,Missed,1,2,3,5,h,MISS Hayes 13' Pullup Jump Shot,Missed Shot,Pullup Jump shot,1,2,8
22200835,15,PT10M44.00S,1,1610612759,SAS,1629676,Roby,I. Roby,0,0,0,,0,2,3,5,v,Roby REBOUND (Off:0 Def:2),Rebound,Unknown,1,0,9
22200835,16,PT10M33.00S,1,1610612759,SAS,1628380,Collins,Z. Collins,-5,58,6,Missed,1,2,3,5,v,MISS Collins 6' Turnaround Hook Shot,Missed Shot,Turnaround Hook Shot,1,2,10
22200835,17,PT10M29.00S,1,1610612765,DET,1631105,Duren,J. Duren,0,0,0,,0,2,3,5,h,Duren REBOUND (Off:0 Def:1),Rebound,Unknown,1,0,11
22200835,18,PT10M14.00S,1,1610612765,DET,1630165,Hayes,K. Hayes,-27,73,8,Missed,1,2,3,5,h,MISS Hayes 8' Driving Floating Jump Shot,Missed Shot,Driving Floating Jump Shot,1,2,12
22200835,19,PT10M10.00S,1,1610612759,SAS,1628380,Collins,Z. Collins,0,0,0,,0,2,3,5,v,Collins REBOUND (Off:0 Def:1),Rebound,Unknown,1,0,13
22200835,20,PT09M54.00S,1,1610612759,SAS,1628966,Bates-Diop,K. Bates-Diop,229,84,24,Missed,1,2,3,5,v,MISS Bates-Diop 24' 3PT Jump Shot,Missed Shot,Jump Shot,1,3,14
22200835,21,PT09M51.00S,1,1610612765,DET,1631093,Ivey,J. Ivey,0,0,0,,0,2,3,5,h,Ivey REBOUND (Off:0 Def:1),Rebound,Unknown,1,0,15
22200835,22,PT09M49.00S,1,1610612765,DET,1631093,Ivey,J. Ivey,2,34,3,Missed,1,2,3,5,h,MISS Ivey 3' Running Layup,Missed Shot,Running Layup Shot,1,2,16
22200835,24,PT09M49.00S,1,0,,1610612765,,,0,0,0,,0,2,3,5,h,PISTONS Rebound,Rebound,Unknown,1,0,17
22200835,26,PT09M45.00S,1,1610612759,SAS,1631104,Wesley,B. Wesley,0,0,0,,0,2,3,5,v,Wesley S.FOUL (P1.T1) (J.Schroeder),Foul,Shooting,1,0,18
22200835,28,PT09M45.00S,1,1610612765,DET,1631093,Ivey,J. Ivey,0,0,0,,0,2,3,5,h,MISS Ivey Free Throw 1 of 2,Free Throw,Free Throw 1 of 2,1,0,19
22200835,29,PT09M45.00S,1,0,,1610612765,,,0,0,0,,0,2,3,5,h,PISTONS Rebound,Rebound,Normal Rebound,0,0,20
22200835,30,PT09M45.00S,1,1610612765,DET,1631093,Ivey,J. Ivey,0,0,0,,0,3,3,6,h,Ivey Free Throw 2 of 2 (1 PTS),Free Throw,Free Throw 2 of 2,1,0,21
22200835,31,PT09M34.00S,1,1610612759,SAS,1631104,Wesley,B. Wesley,-21,42,5,Missed,1,3,3,6,v,MISS Wesley 5' Driving Layup,Missed Shot,Driving Layup Shot,1,2,22
22200835,33,PT09M34.00S,1,0,,1610612765,,,0,0,0,,0,3,3,6,h,PISTONS Rebound,Rebound,Unknown,0,0,23
22200835,35,PT09M20.00S,1,1610612765,DET,202711,Bogdanović,B. Bogdanović,-60,137,15,Missed,1,3,3,6,h,MISS Bogdanovic 15' Pullup Jump Shot,Missed Shot,Pullup Jump shot,1,2,24
22200835,36,PT09M20.00S,1,1610612759,SAS,1628966,Bates-Diop,K. Bates-Diop,0,0,0,,0,3,3,6,v,Bates-Diop REBOUND (Off:0 Def:1),Rebound,Unknown,1,0,25
22200835,37,PT09M10.00S,1,1610612759,SAS,1631104,Wesley,B. Wesley,-230,-10,0,Made,1,3,6,9,v,Wesley 3PT Jump Shot (3 PTS) (Bates-Diop 1 AST),Made Shot,Jump Shot,1,3,26
22200835,39,PT08M52.00S,1,1610612765,DET,1631105,Duren,J. Duren,-22,21,3,Missed,1,3,6,9,h,MISS Duren 3' Reverse Layup,Missed Shot,Reverse Layup Shot,1,2,27
22200835,40,PT08M50.00S,1,1610612759,SAS,1628380,Collins,Z. Collins,0,0,0,,0,3,6,9,v,Collins REBOUND (Off:0 Def:2),Rebound,Unknown,1,0,28
22200835,41,PT08M46.00S,1,1610612759,SAS,1629676,Roby,I. Roby,150,213,26,Missed,1,3,6,9,v,MISS Roby 26' 3PT Running Pull-Up Jump Shot,Missed Shot,Running Pull-Up Jump Shot,1,3,29
22200835,42,PT08M44.00S,1,1610612765,DET,1631105,Duren,J. Duren,0,0,0,,0,3,6,9,h,Duren REBOUND (Off:0 Def:2),Rebound,Unknown,1,0,30
22200835,43,PT08M39.00S,1,1610612759,SAS,1629676,Roby,I. Roby,0,0,0,,0,3,6,9,v,Roby S.FOUL (P1.T2) (S.Corbin),Foul,Shooting,1,0,31
22200835,45,PT08M39.00S,1,1610612765,DET,202711,Bogdanović,B. Bogdanović,0,0,0,,0,4,6,10,h,Bogdanovic Free Throw 1 of 2 (1 PTS),Free Throw,Free Throw 1 of 2,1,0,32
22200835,46,PT08M39.00S,1,1610612765,DET,202711,Bogdanović,B. Bogdanović,0,0,0,,0,5,6,11,h,Bogdanovic Free Throw 2 of 2 (2 PTS),Free Throw,Free Throw 2 of 2,1,0,33
22200835,47,PT08M28.00S,1,1610612759,SAS,1631103,Branham,M. Branham,38,79,9,Made,1,5,8,13,v,Branham 9' Driving Floating Jump Shot (5 PTS),Made Shot,Driving Floating Jump Shot,1,2,34
22200835,48,PT08M19.00S,1,1610612765,DET,1630191,Stewart,I. Stewart,-232,-8,0,Missed,1,5,8,13,h,MISS Stewart 3PT Jump Shot,Missed Shot,Jump Shot,1,3,35
22200835,49,PT08M15.00S,1,1610612759,SAS,1631104,Wesley,B. Wesley,0,0,0,,0,5,8,13,v,Wesley REBOUND (Off:0 Def:1),Rebound,Unknown,1,0,36
22200835,50,PT08M02.00S,1,1610612759,SAS,1631104,Wesley,B. Wesley,0,0,0,,0,5,8,13,v,Wesley Traveling Turnover (P2.T2),Turnover,Traveling,1,0,37
22200835,51,PT07M44.00S,1,1610612765,DET,1630191,Stewart,I. Stewart,225,68,24,Missed,1,5,8,13,h,MISS Stewart 24' 3PT Jump Shot,Missed Shot,Jump Shot,1,3,38
22200835,52,PT07M40.00S,1,1610612759,SAS,1628380,Collins,Z. Collins,0,0,0,,0,5,8,13,v,Collins REBOUND (Off:0 Def:3),Rebound,Unknown,1,0,39
22200835,53,PT07M32.00S,1,1610612759,SAS,1631103,Branham,M. Branham,34,38,5,Made,1,5,10,15,v,Branham 5' Driving Layup (7 PTS),Made Shot,Driving Layup Shot,1,2,40
22200835,54,PT07M13.00S,1,1610612759,SAS,1631103,Branham,M. Branham,0,0,0,,0,5,10,15,v,Branham P.FOUL (P1.T3) (M.Davis),Foul,Personal,1,0,41
22200835,56,PT07M04.00S,1,1610612765,DET,202711,Bogdanović,B. Bogdanović,36,41,5,Missed,1,5,10,15,h,MISS Bogdanovic 5' Driving Layup,Missed Shot,Driving Layup Shot,1,2,42
22200835,57,PT07M01.00S,1,1610612759,SAS,1628966,Bates-Diop,K. Bates-Diop,0,0,0,,0,5,10,15,v,Bates-Diop REBOUND (Off:0 Def:2),Rebound,Unknown,1,0,43
22200835,58,PT06M58.00S,1,1610612759,SAS,1628966,Bates-Diop,K. Bates-Diop,-42,10,4,Made,1,5,12,17,v,Bates-Diop 4' Running Layup (2 PTS),Made Shot,Running Layup Shot,1,2,44
22200835,59,PT06M51.00S,1,0,,1610612765,,,0,0,0,,0,5,12,17,h,PISTONS Timeout: Regular (Full 1 Short 0),Timeout,Regular,0,0,45
22200835,60,PT06M51.00S,1,1610612759,SAS,1628966,Bates-Diop,K. Bates-Diop,0,0,0,,0,5,12,17,v,SUB: McDermott FOR Bates-Diop,Substitution,,0,0,46
22200835,61,PT06M51.00S,1,1610612759,SAS,1631104,Wesley,B. Wesley,0,0,0,,0,5,12,17,v,SUB: S. Johnson FOR Wesley,Substitution,,0,0,47
22200835,64,PT06M42.00S,1,1610612765,DET,1631093,Ivey,J. Ivey,-34,260,26,Missed,1,5,12,17,h,MISS Ivey 26' 3PT Jump Shot,Missed Shot,Jump Shot,1,3,48
22200835,65,PT06M41.00S,1,0,,1610612765,,,0,0,0,,0,5,12,17,h,PISTONS Rebound,Rebound,Unknown,0,0,49
22200835,66,PT06M41.00S,1,1610612759,SAS,1629676,Roby,I. Roby,0,0,0,,0,5,12,17,v,Roby L.B.FOUL (P2.T4) (M.Davis),Foul,Loose Ball,1,0,50
22200835,68,PT06M34.00S,1,1610612765,DET,1630165,Hayes,K. Hayes,-20,89,9,Missed,1,5,12,17,h,MISS Hayes 9' Pullup Jump Shot,Missed Shot,Pullup Jump shot,1,2,51
22200835,69,PT06M32.00S,1,1610612759,SAS,1626169,Johnson,S. Johnson,0,0,0,,0,5,12,17,v,S. Johnson REBOUND (Off:0 Def:1),Rebound,Unknown,1,0,52
22200835,70,PT06M21.00S,1,1610612759,SAS,1628380,Collins,Z. Collins,121,68,14,Missed,1,5,12,17,v,MISS Collins 14' Jump Shot,Missed Shot,Jump Shot,1,2,53
22200835,71,PT06M17.00S,1,1610612765,DET,1630191,Stewart,I. Stewart,0,0,0,,0,5,12,17,h,Stewart REBOUND (Off:0 Def:1),Rebound,Unknown,1,0,54
22200835,72,PT06M09.00S,1,1610612765,DET,1631105,Duren,J. Duren,53,7,5,Made,1,7,12,19,h,Duren 5' Turnaround Hook Shot (4 PTS) (Stewart 1 AST),Made Shot,Turnaround Hook Shot,1,2,55
22200835,74,PT05M56.00S,1,1610612759,SAS,203926,McDermott,D. McDermott,-197,152,25,Made,1,7,15,22,v,McDermott 25' 3PT Jump Shot (3 PTS) (Branham 1 AST),Made Shot,Jump Shot,1,3,56
22200835,76,PT05M42.00S,1,1610612765,DET,1630165,Hayes,K. Hayes,224,86,24,Missed,1,7,15,22,h,MISS Hayes 24' 3PT Pullup Jump Shot,Missed Shot,Pullup Jump shot,1,3,57
22200835,77,PT05M38.00S,1,1610612759,SAS,1631103,Branham,M. Branham,0,0,0,,0,7,15,22,v,Branham REBOUND (Off:0 Def:1),Rebound,Unknown,1,0,58
22200835,78,PT05M32.00S,1,1610612759,SAS,203926,McDermott,D. McDermott,-211,130,25,Missed,1,7,15,22,v,MISS McDermott 25' 3PT Jump Shot,Missed Shot,Jump Shot,1,3,59
22200835,79,PT05M29.00S,1,1610612765,DET,1630191,Stewart,I. Stewart,0,0,0,,0,7,15,22,h,Stewart REBOUND (Off:0 Def:2),Rebound,Unknown,1,0,60
22200835,80,PT05M25.00S,1,1610612765,DET,202711,Bogdanović,B. Bogdanović,18,22,3,Made,1,9,15,24,h,Bogdanovic 3' Running Dunk (4 PTS) (Ivey 1 AST),Made Shot,Running Dunk Shot,1,2,61
22200835,82,PT05M07.00S,1,1610612759,SAS,1629676,Roby,I. Roby,-16,11,2,Missed,1,9,15,24,v,MISS Roby 2' Reverse Layup,Missed Shot,Reverse Layup Shot,1,2,62
22200835,82,PT05M07.00S,1,1610612765,DET,1631105,Duren,J. Duren,0,0,0,,0,9,15,24,h,Duren BLOCK (1 BLK),,,1,2,63
22200835,84,PT05M06.00S,1,1610612759,SAS,1629676,Roby,I. Roby,0,0,0,,0,9,15,24,v,Roby REBOUND (Off:1 Def:2),Rebound,Unknown,1,0,64
22200835,85,PT05M04.00S,1,1610612759,SAS,1629676,Roby,I. Roby,91,15,9,Made,1,9,17,26,v,Roby 9' Turnaround Jump Shot (2 PTS),Made Shot,Turnaround Jump Shot,1,2,65
22200835,86,PT05M04.00S,1,1610612765,DET,1631105,Duren,J. Duren,0,0,0,,0,9,17,26,h,Duren S.FOUL (P1.T1) (M.Davis),Foul,Shooting,1,0,66
22200835,88,PT05M04.00S,1,1610612765,DET,1631093,Ivey,J. Ivey,0,0,0,,0,9,17,26,h,SUB: Diallo FOR Ivey,Substitution,,0,0,67
22200835,89,PT05M04.00S,1,1610612765,DET,1630191,Stewart,I. Stewart,0,0,0,,0,9,17,26,h,SUB: Burks FOR Stewart,Substitution,,0,0,68
22200835,92,PT05M04.00S,1,1610612759,SAS,1629676,Roby,I. Roby,0,0,0,,0,9,18,27,v,Roby Free Throw 1 of 1 (3 PTS),Free Throw,Free Throw 1 of 1,1,0,69
22200835,93,PT04M47.00S,1,1610612765,DET,1631105,Duren,J. Duren,27,25,4,Missed,1,9,18,27,h,MISS Duren 4' Layup,Missed Shot,Layup Shot,1,2,70
22200835,94,PT04M46.00S,1,1610612765,DET,1631105,Duren,J. Duren,0,0,0,,0,9,18,27,h,Duren REBOUND (Off:1 Def:2),Rebound,Unknown,1,0,71
22200835,95,PT04M46.00S,1,1610612765,DET,1631105,Duren,J. Duren,0,0,0,Missed,1,9,18,27,h,MISS Duren Tip Dunk Shot,Missed Shot,Tip Dunk Shot,1,2,72
22200835,96,PT04M44.00S,1,1610612765,DET,202692,Burks,A. Burks,0,0,0,,0,9,18,27,h,Burks REBOUND (Off:1 Def:0),Rebound,Unknown,1,0,73
22200835,97,PT04M40.00S,1,1610612765,DET,202692,Burks,A. Burks,219,46,0,Made,1,12,18,30,h,Burks 3PT Pullup Jump Shot (3 PTS),Made Shot,Pullup Jump shot,1,3,74
22200835,98,PT04M31.00S,1,1610612765,DET,202692,Burks,A. Burks,0,0,0,,0,12,18,30,h,Burks P.FOUL (P1.T2) (J.Schroeder),Foul,Personal,1,0,75
22200835,100,PT04M31.00S,1,1610612759,SAS,1629676,Roby,I. Roby,0,0,0,,0,12,18,30,v,SUB: Graham FOR Roby,Substitution,,0,0,76
22200835,101,PT04M31.00S,1,1610612759,SAS,1631103,Branham,M. Branham,0,0,0,,0,12,18,30,v,SUB: Barlow FOR Branham,Substitution,,0,0,77
22200835,104,PT04M26.00S,1,1610612759,SAS,1626169,Johnson,S. Johnson,0,0,0,,0,12,18,30,v,S. Johnson Lost Ball Turnover (P1.T3),Turnover,Lost Ball,1,0,78
22200835,104,PT04M26.00S,1,1610612765,DET,1630165,Hayes,K. Hayes,0,0,0,,0,12,18,30,h,Hayes STEAL (1 STL),,,1,0,79
22200835,106,PT04M22.00S,1,1610612759,SAS,1631230,Barlow,D. Barlow,0,0,0,,0,12,18,30,v,Barlow S.FOUL (P1.PN) (M.Davis),Foul,Shooting,1,0,80
22200835,108,PT04M22.00S,1,1610612765,DET,1628977,Diallo,H. Diallo,0,0,0,,0,13,18,31,h,Diallo Free Throw 1 of 2 (1 PTS),Free Throw,Free Throw 1 of 2,1,0,81
22200835,109,PT04M22.00S,1,1610612759,SAS,1628380,Collins,Z. Collins,0,0,0,,0,13,18,31,v,SUB: Dieng FOR Collins,Substitution,,0,0,82
22200835,111,PT04M22.00S,1,1610612765,DET,1628977,Diallo,H. Diallo,0,0,0,,0,13,18,31,h,MISS Diallo Free Throw 2 of 2,Free Throw,Free Throw 2 of 2,1,0,83
22200835,112,PT04M19.00S,1,1610612759,SAS,1631230,Barlow,D. Barlow,0,0,0,,0,13,18,31,v,Barlow REBOUND (Off:0 Def:1),Rebound,Unknown,1,0,84
22200835,113,PT04M11.00S,1,1610612759,SAS,203926,McDermott,D. McDermott,-116,-12,12,Missed,1,13,18,31,v,MISS McDermott 12' Floating Jump Shot,Missed Shot,Floating Jump shot,1,2,85
22200835,114,PT04M07.00S,1,1610612759,SAS,203476,Dieng,G. Dieng,0,0,0,,0,13,18,31,v,Dieng REBOUND (Off:1 Def:0),Rebound,Unknown,1,0,86
22200835,115,PT03M59.00S,1,1610612759,SAS,1628984,Graham,D. Graham,-89,248,26,Made,1,13,21,34,v,Graham 26' 3PT Pullup Jump Shot (3 PTS) (McDermott 1 AST),Made Shot,Pullup Jump shot,1,3,87
22200835,116,PT03M39.00S,1,1610612765,DET,202711,Bogdanović,B. Bogdanović,-174,188,26,Missed,1,13,21,34,h,MISS Bogdanovic 26' 3PT Jump Shot,Missed Shot,Jump Shot,1,3,88
22200835,117,PT03M37.00S,1,1610612765,DET,202692,Burks,A. Burks,0,0,0,,0,13,21,34,h,Burks REBOUND (Off:2 Def:0),Rebound,Unknown,1,0,89
22200835,118,PT03M33.00S,1,1610612765,DET,202711,Bogdanović,B. Bogdanović,-21,15,3,Made,1,15,21,36,h,Bogdanovic 3' Cutting Layup Shot (6 PTS) (Hayes 2 AST),Made Shot,Cutting Layup Shot,1,2,90
22200835,120,PT03M33.00S,1,0,,1610612759,,,0,0,0,,0,15,21,36,v,Spurs Timeout: Regular (Reg.1 Short 0),Timeout,Regular,0,0,91
22200835,121,PT03M33.00S,1,1610612765,DET,1631105,Duren,J. Duren,0,0,0,,0,15,21,36,h,SUB: Stewart FOR Duren,Substitution,,0,0,92
22200835,123,PT03M26.00S,1,1610612759,SAS,1626169,Johnson,S. Johnson,-33,15,4,Made,1,15,23,38,v,S. Johnson 4' Driving Layup (2 PTS),Made Shot,Driving Layup Shot,1,2,93
22200835,124,PT03M11.00S,1,1610612765,DET,202692,Burks,A. Burks,0,0,0,,0,15,23,38,h,Burks Bad Pass Turnover (P1.T1),Turnover,Bad Pass,1,0,94
22200835,124,PT03M11.00S,1,1610612759,SAS,1626169,Johnson,S. Johnson,0,0,0,,0,15,23,38,v,S. Johnson STEAL (1 STL),,,1,0,95
22200835,126,PT03M08.00S,1,1610612759,SAS,1626169,Johnson,S. Johnson,-9,21,2,Missed,1,15,23,38,v,MISS S. Johnson 2' Running Layup,Missed Shot,Running Layup Shot,1,2,96
22200835,127,PT03M07.00S,1,1610612759,SAS,1628984,Graham,D. Graham,0,0,0,,0,15,23,38,v,Graham REBOUND (Off:1 Def:0),Rebound,Unknown,1,0,97
22200835,128,PT03M07.00S,1,1610612759,SAS,1628984,Graham,D. Graham,0,0,0,Made,1,15,25,40,v,Graham Tip Layup Shot (5 PTS),Made Shot,Tip Layup Shot,1,2,98
22200835,129,PT02M56.00S,1,1610612765,DET,1630191,Stewart,I. Stewart,0,0,0,,0,15,25,40,h,Stewart OFF.Foul (P1) (M.Davis),Foul,Offensive,1,0,99
22200835,131,PT02M56.00S,1,1610612765,DET,1630191,Stewart,I. Stewart,0,0,0,,0,15,25,40,h,Stewart Offensive Foul Turnover (P1.T2),Turnover,Offensive Foul Turnover,1,0,100
22200835,132,PT02M44.00S,1,1610612759,SAS,1628984,Graham,D. Graham,-74,246,26,Missed,1,15,25,40,v,MISS Graham 26' 3PT Jump Shot,Missed Shot,Jump Shot,1,3,101
22200835,133,PT02M40.00S,1,1610612765,DET,1630191,Stewart,I. Stewart,0,0,0,,0,15,25,40,h,Stewart REBOUND (Off:0 Def:3),Rebound,Unknown,1,0,102
22200835,134,PT02M36.00S,1,1610612765,DET,202711,Bogdanović,B. Bogdanović,54,243,25,Missed,1,15,25,40,h,MISS Bogdanovic 25' 3PT Running Pull-Up Jump Shot,Missed Shot,Running Pull-Up Jump Shot,1,3,103
22200835,135,PT02M36.00S,1,1610612759,SAS,1631230,Barlow,D. Barlow,0,0,0,,0,15,25,40,v,Barlow REBOUND (Off:0 Def:2),Rebound,Unknown,1,0,104
22200835,136,PT02M15.00S,1,1610612759,SAS,1628984,Graham,D. Graham,27,25,4,Missed,1,15,25,40,v,MISS Graham 4' Driving Finger Roll Layup,Missed Shot,Driving Finger Roll Layup Shot,1,2,105
22200835,136,PT02M15.00S,1,1610612765,DET,1630191,Stewart,I. Stewart,0,0,0,,0,15,25,40,h,Stewart BLOCK (1 BLK),,,1,2,106
22200835,138,PT02M12.00S,1,1610612759,SAS,1631230,Barlow,D. Barlow,0,0,0,,0,15,25,40,v,Barlow REBOUND (Off:1 Def:2),Rebound,Unknown,1,0,107
22200835,139,PT02M07.00S,1,1610612759,SAS,203476,Dieng,G. Dieng,174,192,26,Made,1,15,28,43,v,Dieng 26' 3PT Jump Shot (3 PTS) (Barlow 1 AST),Made Shot,Jump Shot,1,3,108
22200835,141,PT01M54.00S,1,1610612765,DET,1628977,Diallo,H. Diallo,112,62,13,Made,1,17,28,45,h,Diallo 13' Pullup Jump Shot (3 PTS) (Hayes 3 AST),Made Shot,Pullup Jump shot,1,2,109
22200835,142,PT01M35.00S,1,1610612759,SAS,203926,McDermott,D. McDermott,-228,10,0,Missed,1,17,28,45,v,MISS McDermott 3PT Jump Shot,Missed Shot,Jump Shot,1,3,110
22200835,143,PT01M32.00S,1,1610612765,DET,1630191,Stewart,I. Stewart,0,0,0,,0,17,28,45,h,Stewart REBOUND (Off:0 Def:4),Rebound,Unknown,1,0,111
22200835,144,PT01M24.00S,1,1610612765,DET,1630165,Hayes,K. Hayes,0,0,0,,0,17,28,45,h,Hayes Traveling Turnover (P1.T3),Turnover,Traveling,1,0,112
22200835,145,PT01M24.00S,1,1610612765,DET,1630165,Hayes,K. Hayes,0,0,0,,0,17,28,45,h,SUB: Joseph FOR Hayes,Substitution,,0,0,113
22200835,146,PT01M24.00S,1,1610612765,DET,202711,Bogdanović,B. Bogdanović,0,0,0,,0,17,28,45,h,SUB: Livers FOR Bogdanovic,Substitution,,0,0,114
22200835,149,PT01M08.00S,1,1610612759,SAS,203476,Dieng,G. Dieng,0,0,0,,0,17,28,45,v,Dieng Traveling Turnover (P1.T4),Turnover,Traveling,1,0,115
22200835,150,PT00M59.50S,1,1610612765,DET,202692,Burks,A. Burks,56,249,26,Missed,1,17,28,45,h,MISS Burks 26' 3PT Pullup Jump Shot,Missed Shot,Pullup Jump shot,1,3,116
22200835,151,PT00M59.50S,1,1610612759,SAS,1628984,Graham,D. Graham,0,0,0,,0,17,28,45,v,Graham REBOUND (Off:1 Def:1),Rebound,Unknown,1,0,117
22200835,152,PT00M43.80S,1,1610612759,SAS,1626169,Johnson,S. Johnson,-5,55,6,Missed,1,17,28,45,v,MISS S. Johnson 6' Turnaround Hook Shot,Missed Shot,Turnaround Hook Shot,1,2,118
22200835,153,PT00M41.40S,1,1610612759,SAS,203926,McDermott,D. McDermott,0,0,0,,0,17,28,45,v,McDermott REBOUND (Off:1 Def:0),Rebound,Unknown,1,0,119
22200835,154,PT00M37.40S,1,1610612759,SAS,1626169,Johnson,S. Johnson,31,241,24,Missed,1,17,28,45,v,MISS S. Johnson 24' 3PT Jump Shot,Missed Shot,Jump Shot,1,3,120
22200835,155,PT00M37.40S,1,0,,1610612765,,,0,0,0,,0,17,28,45,h,PISTONS Rebound,Rebound,Unknown,1,0,121
22200835,157,PT00M27.30S,1,1610612765,DET,1630191,Stewart,I. Stewart,13,12,2,Made,1,19,28,47,h,Stewart 2' Cutting Dunk Shot (2 PTS) (Joseph 1 AST),Made Shot,Cutting Dunk Shot,1,2,122
22200835,159,PT00M06.00S,1,1610612759,SAS,1628984,Graham,D. Graham,53,295,30,Missed,1,19,28,47,v,MISS Graham 30' 3PT Pullup Jump Shot,Missed Shot,Pullup Jump shot,1,3,123
22200835,160,PT00M04.60S,1,1610612759,SAS,1626169,Johnson,S. Johnson,0,0,0,,0,19,28,47,v,S. Johnson REBOUND (Off:1 Def:1),Rebound,Unknown,1,0,124
22200835,161,PT00M02.50S,1,1610612759,SAS,1631230,Barlow,D. Barlow,7,34,3,Missed,1,19,28,47,v,MISS Barlow 3' Layup,Missed Shot,Layup Shot,1,2,125
22200835,162,PT00M02.00S,1,1610612759,SAS,1631230,Barlow,D. Barlow,0,0,0,,0,19,28,47,v,Barlow REBOUND (Off:2 Def:2),Rebound,Unknown,1,0,126
22200835,163,PT00M00.80S,1,1610612759,SAS,1631230,Barlow,D. Barlow,0,0,0,Missed,1,19,28,47,v,MISS Barlow Tip Layup Shot,Missed Shot,Tip Layup Shot,1,2,127
22200835,164,PT00M00.10S,1,0,,1610612759,,,0,0,0,,0,19,28,47,v,Spurs Rebound,Rebound,Unknown,1,0,128
22200835,165,PT00M00.00S,1,0,,0,,,0,0,0,,0,19,28,47,,End of 1st Period (7:36 PM EST),period,end,1,0,129
22200835,171,PT12M00.00S,2,0,,0,,,0,0,0,,0,19,28,47,,Start of 2nd Period (7:38 PM EST),period,start,0,0,130
22200835,178,PT12M00.00S,2,0,,1610612759,,,0,0,0,,0,19,28,47,v,Spurs Violation: Delay of game Violation,Violation,Delay Of Game,0,0,131
22200835,172,PT11M38.00S,2,1610612759,SAS,1631104,Wesley,B. Wesley,238,99,26,Missed,1,19,28,47,v,MISS Wesley 26' 3PT Jump Shot,Missed Shot,Jump Shot,1,3,132
22200835,173,PT11M32.00S,2,1610612765,DET,1630587,Livers,I. Livers,0,0,0,,0,19,28,47,h,Livers REBOUND (Off:0 Def:1),Rebound,Unknown,1,0,133
22200835,174,PT11M21.00S,2,1610612765,DET,202692,Burks,A. Burks,26,100,10,Missed,1,19,28,47,h,MISS Burks 10' Driving Floating Bank Jump Shot,Missed Shot,Driving Floating Bank Jump Shot,1,2,134
22200835,175,PT11M17.00S,2,1610612759,SAS,1631104,Wesley,B. Wesley,0,0,0,,0,19,28,47,v,Wesley REBOUND (Off:0 Def:2),Rebound,Unknown,1,0,135
22200835,176,PT11M10.00S,2,1610612759,SAS,1628984,Graham,D. Graham,178,174,25,Missed,1,19,28,47,v,MISS Graham 25' 3PT Step Back Jump Shot,Missed Shot,Step Back Jump shot,1,3,136
22200835,177,PT11M07.00S,2,1610612765,DET,1630587,Livers,I. Livers,0,0,0,,0,19,28,47,h,Livers REBOUND (Off:0 Def:2),Rebound,Unknown,1,0,137
22200835,179,PT11M02.00S,2,1610612765,DET,1630587,Livers,I. Livers,-100,235,26,Made,1,22,28,50,h,Livers 26' 3PT Running Pull-Up Jump Shot (3 PTS),Made Shot,Running Pull-Up Jump Shot,1,3,138
22200835,180,PT10M38.00S,2,1610612759,SAS,1628966,Bates-Diop,K. Bates-Diop,-93,35,10,Made,1,22,30,52,v,Bates-Diop 10' Driving Floating Bank Jump Shot (4 PTS) (Graham 1 AST),Made Shot,Driving Floating Bank Jump Shot,1,2,139
22200835,182,PT10M38.00S,2,1610612765,DET,1628977,Diallo,H. Diallo,0,0,0,,0,22,30,52,h,Diallo S.FOUL (P1.T1) (J.Schroeder),Foul,Shooting,1,0,140
22200835,184,PT10M38.00S,2,1610612765,DET,202692,Burks,A. Burks,0,0,0,,0,22,30,52,h,SUB: Duren FOR Burks,Substitution,,0,0,141
22200835,185,PT10M38.00S,2,1610612765,DET,1630191,Stewart,I. Stewart,0,0,0,,0,22,30,52,h,SUB: Ivey FOR Stewart,Substitution,,0,0,142
22200835,188,PT10M38.00S,2,1610612759,SAS,1628966,Bates-Diop,K. Bates-Diop,0,0,0,,0,22,31,53,v,Bates-Diop Free Throw 1 of 1 (5 PTS),Free Throw,Free Throw 1 of 1,1,0,143
22200835,246,PT10M24.00S,2,1610612765,DET,1631093,Ivey,J. Ivey,0,0,0,,0,22,31,53,h,Ivey Bad Pass Turnover (P1.T4),Turnover,Bad Pass,1,0,144
22200835,246,PT10M24.00S,2,1610612759,SAS,1631230,Barlow,D. Barlow,0,0,0,,0,22,31,53,v,Barlow STEAL (1 STL),,,1,0,145
22200835,192,PT10M15.00S,2,1610612759,SAS,203926,McDermott,D. McDermott,10,93,9,Made,1,22,33,55,v,McDermott 9' Driving Floating Jump Shot (5 PTS),Made Shot,Driving Floating Jump Shot,1,2,146
22200835,194,PT09M55.00S,2,1610612765,DET,1628977,Diallo,H. Diallo,-27,34,4,Missed,1,22,33,55,h,MISS Diallo 4' Driving Floating Jump Shot,Missed Shot,Driving Floating Jump Shot,1,2,147
22200835,195,PT09M51.00S,2,1610612759,SAS,1631230,Barlow,D. Barlow,0,0,0,,0,22,33,55,v,Barlow REBOUND (Off:2 Def:3),Rebound,Unknown,1,0,148
22200835,196,PT09M43.00S,2,1610612759,SAS,1631230,Barlow,D. Barlow,20,37,4,Made,1,22,35,57,v,Barlow 4' Cutting Layup Shot (2 PTS) (Bates-Diop 2 AST),Made Shot,Cutting Layup Shot,1,2,149
22200835,198,PT09M27.00S,2,1610612765,DET,1631105,Duren,J. Duren,-13,18,2,Made,1,24,35,59,h,Duren 2' Reverse Layup (6 PTS) (Joseph 2 AST),Made Shot,Reverse Layup Shot,1,2,150
22200835,200,PT09M13.00S,2,1610612759,SAS,203926,McDermott,D. McDermott,17,14,2,Made,1,24,37,61,v,McDermott 2' Cutting Layup Shot (7 PTS) (Bates-Diop 3 AST),Made Shot,Cutting Layup Shot,1,2,151
22200835,202,PT09M06.00S,2,0,,1610612765,,,0,0,0,,0,24,37,61,h,PISTONS Timeout: Regular (Full 2 Short 0),Timeout,Regular,0,0,152
22200835,203,PT09M06.00S,2,1610612765,DET,1628977,Diallo,H. Diallo,0,0,0,,0,24,37,61,h,SUB: McGruder FOR Diallo,Substitution,,0,0,153
22200835,204,PT09M06.00S,2,1610612759,SAS,1628984,Graham,D. Graham,0,0,0,,0,24,37,61,v,SUB: Branham FOR Graham,Substitution,,0,0,154
22200835,205,PT09M06.00S,2,1610612759,SAS,1631230,Barlow,D. Barlow,0,0,0,,0,24,37,61,v,SUB: Collins FOR Barlow,Substitution,,0,0,155
22200835,209,PT08M56.00S,2,1610612765,DET,203585,McGruder,R. McGruder,168,185,25,Made,1,27,37,64,h,McGruder 25' 3PT Jump Shot (3 PTS) (Joseph 3 AST),Made Shot,Jump Shot,1,3,156
22200835,211,PT08M37.00S,2,1610612759,SAS,1628380,Collins,Z. Collins,-27,43,5,Made,1,27,39,66,v,Collins 5' Floating Jump Shot (2 PTS),Made Shot,Floating Jump shot,1,2,157
22200835,212,PT08M37.00S,2,1610612765,DET,202709,Joseph,C. Joseph,0,0,0,,0,27,39,66,h,Joseph S.FOUL (P1.T2) (S.Corbin),Foul,Shooting,1,0,158
22200835,214,PT08M37.00S,2,1610612759,SAS,1628380,Collins,Z. Collins,0,0,0,,0,27,40,67,v,Collins Free Throw 1 of 1 (3 PTS),Free Throw,Free Throw 1 of 1,1,0,159
22200835,215,PT08M23.00S,2,1610612759,SAS,203926,McDermott,D. McDermott,0,0,0,,0,27,40,67,v,McDermott P.FOUL (P1.T1) (S.Corbin),Foul,Personal,1,0,160
22200835,217,PT08M13.00S,2,1610612765,DET,1631105,Duren,J. Duren,-16,58,6,Missed,1,27,40,67,h,MISS Duren 6' Turnaround Hook Shot,Missed Shot,Turnaround Hook Shot,1,2,161
22200835,218,PT08M09.00S,2,1610612759,SAS,1631104,Wesley,B. Wesley,0,0,0,,0,27,40,67,v,Wesley REBOUND (Off:0 Def:3),Rebound,Unknown,1,0,162
22200835,219,PT08M05.00S,2,1610612759,SAS,1631103,Branham,M. Branham,-223,96,24,Missed,1,27,40,67,v,MISS Branham 24' 3PT Running Jump Shot,Missed Shot,Running Jump Shot,1,3,163
22200835,220,PT08M04.00S,2,0,,1610612765,,,0,0,0,,0,27,40,67,h,PISTONS Rebound,Rebound,Unknown,1,0,164
22200835,221,PT08M04.00S,2,1610612759,SAS,1628380,Collins,Z. Collins,0,0,0,,0,27,40,67,v,Collins L.B.FOUL (P1.T2) (M.Davis),Foul,Loose Ball,1,0,165
22200835,223,PT07M46.00S,2,1610612765,DET,1631093,Ivey,J. Ivey,0,0,0,,0,27,40,67,h,Ivey Bad Pass Turnover (P2.T5),Turnover,Bad Pass,1,0,166
22200835,223,PT07M46.00S,2,1610612759,SAS,1631103,Branham,M. Branham,0,0,0,,0,27,40,67,v,Branham STEAL (1 STL),,,1,0,167
22200835,225,PT07M41.00S,2,1610612759,SAS,1631103,Branham,M. Branham,-135,204,24,Made,1,27,43,70,v,Branham 24' 3PT Running Jump Shot (10 PTS) (McDermott 2 AST),Made Shot,Running Jump Shot,1,3,168
22200835,227,PT07M23.00S,2,1610612765,DET,1630587,Livers,I. Livers,-119,241,27,Missed,1,27,43,70,h,MISS Livers 27' 3PT Jump Shot,Missed Shot,Jump Shot,1,3,169
22200835,228,PT07M20.00S,2,1610612765,DET,1631105,Duren,J. Duren,0,0,0,,0,27,43,70,h,Duren REBOUND (Off:2 Def:2),Rebound,Unknown,1,0,170
22200835,229,PT07M19.00S,2,1610612765,DET,1631105,Duren,J. Duren,-1,29,3,Made,1,29,43,72,h,Duren 3' Driving Dunk (8 PTS),Made Shot,Driving Dunk Shot,1,2,171
22200835,230,PT07M05.00S,2,1610612759,SAS,203926,McDermott,D. McDermott,83,38,9,Missed,1,29,43,72,v,MISS McDermott 9' Driving Floating Bank Jump Shot,Missed Shot,Driving Floating Bank Jump Shot,1,2,172
22200835,231,PT07M02.00S,2,1610612765,DET,1631105,Duren,J. Duren,0,0,0,,0,29,43,72,h,Duren REBOUND (Off:2 Def:3),Rebound,Unknown,1,0,173
22200835,232,PT06M58.00S,2,1610612765,DET,1631093,Ivey,J. Ivey,-28,54,6,Missed,1,29,43,72,h,MISS Ivey 6' Driving Floating Jump Shot,Missed Shot,Driving Floating Jump Shot,1,2,174
22200835,233,PT06M55.00S,2,1610612765,DET,203585,McGruder,R. McGruder,0,0,0,,0,29,43,72,h,McGruder REBOUND (Off:1 Def:0),Rebound,Unknown,1,0,175
22200835,234,PT06M46.00S,2,1610612765,DET,202709,Joseph,C. Joseph,21,20,3,Made,1,31,43,74,h,Joseph 3' Driving Finger Roll Layup (2 PTS),Made Shot,Driving Finger Roll Layup Shot,1,2,176
22200835,235,PT06M46.00S,2,1610612759,SAS,1631103,Branham,M. Branham,0,0,0,,0,31,43,74,v,Branham S.FOUL (P2.T3) (M.Davis),Foul,Shooting,1,0,177
22200835,237,PT06M46.00S,2,1610612759,SAS,203926,McDermott,D. McDermott,0,0,0,,0,31,43,74,v,SUB: Roby FOR McDermott,Substitution,,0,0,178
22200835,239,PT06M46.00S,2,1610612765,DET,202709,Joseph,C. Joseph,0,0,0,,0,31,43,74,h,MISS Joseph Free Throw 1 of 1,Free Throw,Free Throw 1 of 1,1,0,179
22200835,240,PT06M43.00S,2,1610612759,SAS,1628966,Bates-Diop,K. Bates-Diop,0,0,0,,0,31,43,74,v,Bates-Diop REBOUND (Off:0 Def:3),Rebound,Unknown,1,0,180
22200835,241,PT06M25.00S,2,1610612759,SAS,1628380,Collins,Z. Collins,4,50,5,Made,1,31,45,76,v,Collins 5' Turnaround Hook Shot (5 PTS) (Roby 1 AST),Made Shot,Turnaround Hook Shot,1,2,181
22200835,243,PT06M10.00S,2,1610612765,DET,202709,Joseph,C. Joseph,-230,41,0,Made,1,34,45,79,h,Joseph 3PT Jump Shot (5 PTS) (Ivey 2 AST),Made Shot,Jump Shot,1,3,182
22200835,245,PT06M09.00S,2,0,,1610612759,,,0,0,0,,0,34,45,79,v,Spurs Timeout: Regular (Reg.2 Short 0),Timeout,Regular,0,0,183
22200835,248,PT06M09.00S,2,1610612765,DET,202709,Joseph,C. Joseph,0,0,0,,0,34,45,79,h,SUB: Bogdanovic FOR Joseph,Substitution,,0,0,184
22200835,250,PT05M53.00S,2,1610612759,SAS,1631103,Branham,M. Branham,-103,92,14,Missed,1,34,45,79,v,MISS Branham 14' Pullup Jump Shot,Missed Shot,Pullup Jump shot,1,2,185
22200835,251,PT05M50.00S,2,1610612765,DET,1630587,Livers,I. Livers,0,0,0,,0,34,45,79,h,Livers REBOUND (Off:0 Def:3),Rebound,Unknown,1,0,186
22200835,253,PT05M35.00S,2,1610612765,DET,1631105,Duren,J. Duren,-23,60,6,Made,1,36,45,81,h,Duren 6' Turnaround Hook Shot (10 PTS) (Ivey 3 AST),Made Shot,Turnaround Hook Shot,1,2,187
22200835,255,PT05M19.00S,2,1610612759,SAS,1628966,Bates-Diop,K. Bates-Diop,2,32,3,Made,1,36,47,83,v,Bates-Diop 3' Cutting Layup Shot (7 PTS) (Collins 2 AST),Made Shot,Cutting Layup Shot,1,2,188
22200835,257,PT05M05.00S,2,1610612759,SAS,1631104,Wesley,B. Wesley,0,0,0,,0,36,47,83,v,Wesley S.FOUL (P2.T4) (M.Davis),Foul,Shooting,1,0,189
22200835,259,PT05M05.00S,2,1610612765,DET,1631093,Ivey,J. Ivey,0,0,0,,0,37,47,84,h,Ivey Free Throw 1 of 2 (2 PTS),Free Throw,Free Throw 1 of 2,1,0,190
22200835,260,PT05M05.00S,2,1610612765,DET,1631093,Ivey,J. Ivey,0,0,0,,0,38,47,85,h,Ivey Free Throw 2 of 2 (3 PTS),Free Throw,Free Throw 2 of 2,1,0,191
22200835,261,PT04M50.00S,2,1610612759,SAS,1631103,Branham,M. Branham,17,152,15,Missed,1,38,47,85,v,MISS Branham 15' Pullup Jump Shot,Missed Shot,Pullup Jump shot,1,2,192
22200835,262,PT04M49.00S,2,1610612759,SAS,1631103,Branham,M. Branham,0,0,0,,0,38,47,85,v,Branham REBOUND (Off:1 Def:1),Rebound,Unknown,1,0,193
22200835,263,PT04M49.00S,2,1610612765,DET,1631093,Ivey,J. Ivey,0,0,0,,0,38,47,85,h,Ivey P.FOUL (P1.T3) (J.Schroeder),Foul,Personal,1,0,194
22200835,265,PT04M49.00S,2,1610612759,SAS,1631104,Wesley,B. Wesley,0,0,0,,0,38,47,85,v,SUB: Graham FOR Wesley,Substitution,,0,0,195
22200835,267,PT04M42.00S,2,1610612765,DET,1630587,Livers,I. Livers,0,0,0,,0,38,47,85,h,Livers P.FOUL (P1.T4) (S.Corbin),Foul,Personal,1,0,196
22200835,269,PT04M42.00S,2,1610612765,DET,1631105,Duren,J. Duren,0,0,0,,0,38,47,85,h,SUB: Hayes FOR Duren,Substitution,,0,0,197
22200835,270,PT04M42.00S,2,1610612765,DET,203585,McGruder,R. McGruder,0,0,0,,0,38,47,85,h,SUB: Stewart FOR McGruder,Substitution,,0,0,198
22200835,273,PT04M34.00S,2,1610612759,SAS,1628984,Graham,D. Graham,-141,145,20,Missed,1,38,47,85,v,MISS Graham 20' Pullup Jump Shot,Missed Shot,Pullup Jump shot,1,2,199
22200835,274,PT04M31.00S,2,1610612765,DET,202711,Bogdanović,B. Bogdanović,0,0,0,,0,38,47,85,h,Bogdanovic REBOUND (Off:0 Def:1),Rebound,Unknown,1,0,200
22200835,275,PT04M17.00S,2,1610612765,DET,202711,Bogdanović,B. Bogdanović,34,20,4,Made,1,40,47,87,h,Bogdanovic 4' Driving Layup (8 PTS) (Livers 1 AST),Made Shot,Driving Layup Shot,1,2,201
22200835,277,PT04M08.00S,2,1610612759,SAS,1629676,Roby,I. Roby,126,125,18,Missed,1,40,47,87,v,MISS Roby 18' Pullup Jump Shot,Missed Shot,Pullup Jump shot,1,2,202
22200835,278,PT04M05.00S,2,1610612765,DET,1630165,Hayes,K. Hayes,0,0,0,,0,40,47,87,h,Hayes REBOUND (Off:0 Def:1),Rebound,Unknown,1,0,203
22200835,279,PT03M59.00S,2,1610612765,DET,1631093,Ivey,J. Ivey,243,84,26,Missed,1,40,47,87,h,MISS Ivey 26' 3PT Step Back Jump Shot,Missed Shot,Step Back Jump shot,1,3,204
22200835,280,PT03M58.00S,2,0,,1610612759,,,0,0,0,,0,40,47,87,v,Spurs Rebound,Rebound,Unknown,0,0,205
22200835,282,PT03M49.00S,2,1610612759,SAS,1631103,Branham,M. Branham,18,260,26,Missed,1,40,47,87,v,MISS Branham 26' 3PT Pullup Jump Shot,Missed Shot,Pullup Jump shot,1,3,206
22200835,283,PT03M49.00S,2,0,,1610612759,,,0,0,0,,0,40,47,87,v,Spurs Rebound,Rebound,Unknown,0,0,207
22200835,284,PT03M49.00S,2,1610612765,DET,1630191,Stewart,I. Stewart,0,0,0,,0,40,47,87,h,Stewart L.B.FOUL (P2.PN) (J.Schroeder),Foul,Loose Ball,1,0,208
22200835,286,PT03M49.00S,2,1610612759,SAS,1628380,Collins,Z. Collins,0,0,0,,0,40,47,87,v,MISS Collins Free Throw 1 of 2,Free Throw,Free Throw 1 of 2,1,0,209
22200835,287,PT03M49.00S,2,0,,1610612759,,,0,0,0,,0,40,47,87,v,Spurs Rebound,Rebound,Normal Rebound,0,0,210
22200835,288,PT03M49.00S,2,1610612759,SAS,1628380,Collins,Z. Collins,0,0,0,,0,40,48,88,v,Collins Free Throw 2 of 2 (6 PTS),Free Throw,Free Throw 2 of 2,1,0,211
22200835,289,PT03M32.00S,2,1610612765,DET,1630165,Hayes,K. Hayes,-179,184,26,Missed,1,40,48,88,h,MISS Hayes 26' 3PT Jump Shot,Missed Shot,Jump Shot,1,3,212
22200835,290,PT03M28.00S,2,1610612759,SAS,1628380,Collins,Z. Collins,0,0,0,,0,40,48,88,v,Collins REBOUND (Off:0 Def:4),Rebound,Unknown,1,0,213
22200835,291,PT03M26.00S,2,1610612759,SAS,1631103,Branham,M. Branham,0,0,0,,0,40,48,88,v,Branham Palming Turnover (P1.T5),Turnover,Palming Turnover,1,0,214
22200835,292,PT03M26.00S,2,1610612759,SAS,1628966,Bates-Diop,K. Bates-Diop,0,0,0,,0,40,48,88,v,SUB: McDermott FOR Bates-Diop,Substitution,,0,0,215
22200835,294,PT03M12.00S,2,1610612765,DET,202711,Bogdanović,B. Bogdanović,69,17,7,Made,1,42,48,90,h,Bogdanovic 7' Pullup Jump Shot (10 PTS) (Ivey 4 AST),Made Shot,Pullup Jump shot,1,2,216
22200835,296,PT02M55.00S,2,1610612759,SAS,1628380,Collins,Z. Collins,-20,6,2,Made,1,42,50,92,v,Collins 2' Layup (8 PTS),Made Shot,Layup Shot,1,2,217
22200835,297,PT02M49.00S,2,1610612765,DET,202711,Bogdanović,B. Bogdanović,233,-5,0,Missed,1,42,50,92,h,MISS Bogdanovic 3PT Jump Shot,Missed Shot,Jump Shot,1,3,218
22200835,298,PT02M46.00S,2,1610612765,DET,1631093,Ivey,J. Ivey,0,0,0,,0,42,50,92,h,Ivey REBOUND (Off:1 Def:1),Rebound,Unknown,1,0,219
22200835,299,PT02M39.00S,2,1610612765,DET,1630191,Stewart,I. Stewart,60,251,26,Made,1,45,50,95,h,Stewart 26' 3PT Jump Shot (5 PTS) (Ivey 5 AST),Made Shot,Jump Shot,1,3,220
22200835,301,PT02M21.00S,2,1610612759,SAS,203926,McDermott,D. McDermott,-97,137,17,Missed,1,45,50,95,v,MISS McDermott 17' Pullup Jump Shot,Missed Shot,Pullup Jump shot,1,2,221
22200835,302,PT02M18.00S,2,1610612765,DET,1630587,Livers,I. Livers,0,0,0,,0,45,50,95,h,Livers REBOUND (Off:0 Def:4),Rebound,Unknown,1,0,222
22200835,303,PT02M08.00S,2,1610612765,DET,1630587,Livers,I. Livers,207,138,25,Made,1,48,50,98,h,Livers 25' 3PT Pullup Jump Shot (6 PTS),Made Shot,Pullup Jump shot,1,3,223
22200835,304,PT01M52.00S,2,1610612759,SAS,1628380,Collins,Z. Collins,67,260,27,Missed,1,48,50,98,v,MISS Collins 27' 3PT Jump Shot,Missed Shot,Jump Shot,1,3,224
22200835,305,PT01M49.00S,2,1610612765,DET,1631093,Ivey,J. Ivey,0,0,0,,0,48,50,98,h,Ivey REBOUND (Off:1 Def:2),Rebound,Unknown,1,0,225
22200835,306,PT01M47.00S,2,1610612759,SAS,203926,McDermott,D. McDermott,0,0,0,,0,48,50,98,v,McDermott S.FOUL (P2.PN) (J.Schroeder),Foul,Shooting,1,0,226
22200835,308,PT01M47.00S,2,1610612765,DET,1631093,Ivey,J. Ivey,0,0,0,,0,49,50,99,h,Ivey Free Throw 1 of 2 (4 PTS),Free Throw,Free Throw 1 of 2,1,0,227
22200835,309,PT01M47.00S,2,1610612759,SAS,1631103,Branham,M. Branham,0,0,0,,0,49,50,99,v,SUB: Dieng FOR Branham,Substitution,,0,0,228
22200835,310,PT01M47.00S,2,1610612759,SAS,1628380,Collins,Z. Collins,0,0,0,,0,49,50,99,v,SUB: S. Johnson FOR Collins,Substitution,,0,0,229
22200835,313,PT01M47.00S,2,1610612765,DET,1631093,Ivey,J. Ivey,0,0,0,,0,50,50,100,h,Ivey Free Throw 2 of 2 (5 PTS),Free Throw,Free Throw 2 of 2,1,0,230
22200835,314,PT01M41.00S,2,1610612759,SAS,203476,Dieng,G. Dieng,0,0,0,,0,50,50,100,v,Dieng OFF.Foul (P1) (S.Corbin),Foul,Offensive,1,0,231
22200835,316,PT01M41.00S,2,1610612759,SAS,203476,Dieng,G. Dieng,0,0,0,,0,50,50,100,v,Dieng Offensive Foul Turnover (P2.T6),Turnover,Offensive Foul Turnover,1,0,232
22200835,317,PT01M30.00S,2,1610612759,SAS,1628984,Graham,D. Graham,0,0,0,,0,50,50,100,v,Graham S.FOUL (P1.PN) (S.Corbin),Foul,Shooting,1,0,233
22200835,319,PT01M30.00S,2,1610612765,DET,202711,Bogdanović,B. Bogdanović,0,0,0,,0,51,50,101,h,Bogdanovic Free Throw 1 of 2 (11 PTS),Free Throw,Free Throw 1 of 2,1,0,234
22200835,320,PT01M30.00S,2,1610612765,DET,202711,Bogdanović,B. Bogdanović,0,0,0,,0,52,50,102,h,Bogdanovic Free Throw 2 of 2 (12 PTS),Free Throw,Free Throw 2 of 2,1,0,235
22200835,321,PT01M19.00S,2,1610612759,SAS,1628984,Graham,D. Graham,-27,9,3,Made,1,52,52,104,v,Graham 3' Driving Layup (7 PTS),Made Shot,Driving Layup Shot,1,2,236
22200835,322,PT01M02.00S,2,1610612765,DET,1630165,Hayes,K. Hayes,-66,73,10,Missed,1,52,52,104,h,MISS Hayes 10' Pullup Jump Shot,Missed Shot,Pullup Jump shot,1,2,237
22200835,323,PT01M00.00S,2,1610612765,DET,1630191,Stewart,I. Stewart,0,0,0,,0,52,52,104,h,Stewart REBOUND (Off:1 Def:4),Rebound,Unknown,1,0,238
22200835,324,PT00M57.40S,2,1610612765,DET,1631093,Ivey,J. Ivey,-17,267,27,Missed,1,52,52,104,h,MISS Ivey 27' 3PT Jump Shot,Missed Shot,Jump Shot,1,3,239
22200835,325,PT00M54.40S,2,1610612759,SAS,1628984,Graham,D. Graham,0,0,0,,0,52,52,104,v,Graham REBOUND (Off:1 Def:2),Rebound,Unknown,1,0,240
22200835,326,PT00M51.80S,2,1610612759,SAS,203926,McDermott,D. McDermott,-224,129,26,Missed,1,52,52,104,v,MISS McDermott 26' 3PT Running Pull-Up Jump Shot,Missed Shot,Running Pull-Up Jump Shot,1,3,241
22200835,327,PT00M49.00S,2,1610612765,DET,1630165,Hayes,K. Hayes,0,0,0,,0,52,52,104,h,Hayes REBOUND (Off:0 Def:2),Rebound,Unknown,1,0,242
22200835,328,PT00M44.70S,2,1610612759,SAS,203476,Dieng,G. Dieng,0,0,0,,0,52,52,104,v,Dieng S.FOUL (P2.PN) (M.Davis),Foul,Shooting,1,0,243
22200835,330,PT00M44.70S,2,1610612765,DET,1630191,Stewart,I. Stewart,0,0,0,,0,53,52,105,h,Stewart Free Throw 1 of 2 (6 PTS),Free Throw,Free Throw 1 of 2,1,0,244
22200835,331,PT00M44.70S,2,1610612759,SAS,203476,Dieng,G. Dieng,0,0,0,,0,53,52,105,v,SUB: Collins FOR Dieng,Substitution,,0,0,245
22200835,333,PT00M44.70S,2,1610612765,DET,1630191,Stewart,I. Stewart,0,0,0,,0,53,52,105,h,MISS Stewart Free Throw 2 of 2,Free Throw,Free Throw 2 of 2,1,0,246
22200835,334,PT00M42.50S,2,1610612759,SAS,1629676,Roby,I. Roby,0,0,0,,0,53,52,105,v,Roby REBOUND (Off:1 Def:3),Rebound,Unknown,1,0,247
22200835,335,PT00M33.80S,2,1610612759,SAS,1628984,Graham,D. Graham,-175,179,25,Missed,1,53,52,105,v,MISS Graham 25' 3PT Pullup Jump Shot,Missed Shot,Pullup Jump shot,1,3,248
22200835,336,PT00M30.60S,2,1610612765,DET,1631093,Ivey,J. Ivey,0,0,0,,0,53,52,105,h,Ivey REBOUND (Off:1 Def:3),Rebound,Unknown,1,0,249
22200835,337,PT00M10.80S,2,1610612765,DET,1630191,Stewart,I. Stewart,0,0,0,,0,53,52,105,h,Stewart Offensive Charge Foul (P3) (J.Schroeder),Foul,Offensive Charge,1,0,250
22200835,339,PT00M10.80S,2,1610612765,DET,1630191,Stewart,I. Stewart,0,0,0,,0,53,52,105,h,Stewart Offensive Foul Turnover (P2.T6),Turnover,Offensive Foul Turnover,1,0,251
22200835,340,PT00M10.80S,2,1610612765,DET,1630191,Stewart,I. Stewart,0,0,0,,0,53,52,105,h,SUB: Duren FOR Stewart,Substitution,,0,0,252
22200835,342,PT00M01.50S,2,1610612759,SAS,1628380,Collins,Z. Collins,-16,25,3,Made,1,53,54,107,v,Collins 3' Layup (10 PTS) (Graham 2 AST),Made Shot,Layup Shot,1,2,253
22200835,344,PT00M00.00S,2,1610612765,DET,1630587,Livers,I. Livers,113,403,42,Missed,1,53,54,107,h,MISS Livers 42' 3PT Pullup Jump Shot,Missed Shot,Pullup Jump shot,1,3,254
22200835,345,PT00M00.00S,2,0,,1610612765,,,0,0,0,,0,53,54,107,h,PISTONS Rebound,Rebound,Unknown,0,0,255
22200835,346,PT00M00.00S,2,0,,0,,,0,0,0,,0,53,54,107,,End of 2nd Period (8:06 PM EST),period,end,1,0,256
22200835,355,PT12M00.00S,3,0,,0,,,0,0,0,,0,53,54,107,,Start of 3rd Period (8:21 PM EST),period,start,0,0,257
22200835,356,PT11M47.00S,3,1610612759,SAS,1628966,Bates-Diop,K. Bates-Diop,0,0,0,,0,53,54,107,v,Bates-Diop Out of Bounds Lost Ball Turnover (P1.T7),Turnover,Out of Bounds Lost Ball Turnover,1,0,258
22200835,357,PT11M31.00S,3,1610612765,DET,1630191,Stewart,I. Stewart,232,73,24,Missed,1,53,54,107,h,MISS Stewart 24' 3PT Jump Shot,Missed Shot,Jump Shot,1,3,259
22200835,358,PT11M28.00S,3,1610612765,DET,1630165,Hayes,K. Hayes,0,0,0,,0,53,54,107,h,Hayes REBOUND (Off:1 Def:2),Rebound,Unknown,1,0,260
22200835,359,PT11M23.00S,3,1610612765,DET,1630165,Hayes,K. Hayes,0,0,0,,0,53,54,107,h,Hayes Bad Pass Turnover (P2.T7),Turnover,Bad Pass,1,0,261
22200835,359,PT11M23.00S,3,1610612759,SAS,1629676,Roby,I. Roby,0,0,0,,0,53,54,107,v,Roby STEAL (1 STL),,,1,0,262
22200835,361,PT11M17.00S,3,1610612759,SAS,1631103,Branham,M. Branham,-234,2,0,Missed,1,53,54,107,v,MISS Branham 3PT Running Jump Shot,Missed Shot,Running Jump Shot,1,3,263
22200835,362,PT11M13.00S,3,1610612765,DET,1631093,Ivey,J. Ivey,0,0,0,,0,53,54,107,h,Ivey REBOUND (Off:1 Def:4),Rebound,Unknown,1,0,264
22200835,363,PT11M09.00S,3,1610612765,DET,1631093,Ivey,J. Ivey,-32,15,4,Missed,1,53,54,107,h,MISS Ivey 4' Running Finger Roll Layup,Missed Shot,Running Finger Roll Layup Shot,1,2,265
22200835,364,PT11M06.00S,3,1610612765,DET,1631105,Duren,J. Duren,0,0,0,,0,53,54,107,h,Duren REBOUND (Off:3 Def:3),Rebound,Unknown,1,0,266
22200835,365,PT11M03.00S,3,1610612765,DET,1630191,Stewart,I. Stewart,168,194,26,Missed,1,53,54,107,h,MISS Stewart 26' 3PT Jump Shot,Missed Shot,Jump Shot,1,3,267
22200835,366,PT11M00.00S,3,1610612759,SAS,1628380,Collins,Z. Collins,0,0,0,,0,53,54,107,v,Collins REBOUND (Off:0 Def:5),Rebound,Unknown,1,0,268
22200835,367,PT10M50.00S,3,1610612765,DET,1631105,Duren,J. Duren,0,0,0,,0,53,54,107,h,Duren S.FOUL (P2.T1) (S.Corbin),Foul,Shooting,1,0,269
22200835,369,PT10M50.00S,3,1610612759,SAS,1631103,Branham,M. Branham,0,0,0,,0,53,55,108,v,Branham Free Throw 1 of 2 (11 PTS),Free Throw,Free Throw 1 of 2,1,0,270
22200835,370,PT10M50.00S,3,1610612759,SAS,1631103,Branham,M. Branham,0,0,0,,0,53,56,109,v,Branham Free Throw 2 of 2 (12 PTS),Free Throw,Free Throw 2 of 2,1,0,271
22200835,371,PT10M32.00S,3,1610612765,DET,1631105,Duren,J. Duren,11,14,2,Made,1,55,56,111,h,Duren 2' Dunk (12 PTS) (Ivey 6 AST),Made Shot,Dunk Shot,1,2,272
22200835,373,PT10M15.00S,3,1610612759,SAS,1631104,Wesley,B. Wesley,0,0,0,,0,55,56,111,v,Wesley Out of Bounds - Bad Pass Turnover Turnover (P3.T8),Turnover,Out of Bounds - Bad Pass Turnover,1,0,273
22200835,374,PT10M03.00S,3,1610612765,DET,202711,Bogdanović,B. Bogdanović,33,56,7,Made,1,57,56,113,h,Bogdanovic 7' Driving Layup (14 PTS) (Hayes 4 AST),Made Shot,Driving Layup Shot,1,2,274
22200835,376,PT09M46.00S,3,1610612759,SAS,1628380,Collins,Z. Collins,0,265,27,Made,1,57,59,116,v,Collins 27' 3PT Jump Shot (13 PTS) (Wesley 1 AST),Made Shot,Jump Shot,1,3,275
22200835,378,PT09M32.00S,3,1610612765,DET,1631105,Duren,J. Duren,10,10,1,Made,1,59,59,118,h,Duren 1' Layup (14 PTS) (Stewart 2 AST),Made Shot,Layup Shot,1,2,276
22200835,380,PT09M32.00S,3,1610612759,SAS,1628380,Collins,Z. Collins,0,0,0,,0,59,59,118,v,Collins S.FOUL (P2.T1) (S.Corbin),Foul,Shooting,1,0,277
22200835,382,PT09M32.00S,3,1610612765,DET,1631105,Duren,J. Duren,0,0,0,,0,59,59,118,h,MISS Duren Free Throw 1 of 1,Free Throw,Free Throw 1 of 1,1,0,278
22200835,383,PT09M28.00S,3,1610612759,SAS,1628380,Collins,Z. Collins,0,0,0,,0,59,59,118,v,Collins REBOUND (Off:0 Def:6),Rebound,Unknown,1,0,279
22200835,384,PT09M13.00S,3,1610612759,SAS,1629676,Roby,I. Roby,230,2,0,Missed,1,59,59,118,v,MISS Roby 3PT Jump Shot,Missed Shot,Jump Shot,1,3,280
22200835,385,PT09M11.00S,3,0,,1610612759,,,0,0,0,,0,59,59,118,v,Spurs Rebound,Rebound,Unknown,1,0,281
22200835,386,PT09M11.00S,3,1610612765,DET,202711,Bogdanović,B. Bogdanović,0,0,0,,0,59,59,118,h,Bogdanovic L.B.FOUL (P1.T2) (M.Davis),Foul,Loose Ball,1,0,282
22200835,388,PT09M02.00S,3,1610612765,DET,202711,Bogdanović,B. Bogdanović,0,0,0,,0,59,59,118,h,Bogdanovic S.FOUL (P2.T3) (S.Corbin),Foul,Shooting,1,0,283
22200835,390,PT09M02.00S,3,1610612759,SAS,1628966,Bates-Diop,K. Bates-Diop,0,0,0,,0,59,60,119,v,Bates-Diop Free Throw 1 of 2 (8 PTS),Free Throw,Free Throw 1 of 2,1,0,284
22200835,391,PT09M02.00S,3,1610612759,SAS,1628966,Bates-Diop,K. Bates-Diop,0,0,0,,0,59,61,120,v,Bates-Diop Free Throw 2 of 2 (9 PTS),Free Throw,Free Throw 2 of 2,1,0,285
22200835,392,PT08M48.00S,3,1610612765,DET,202711,Bogdanović,B. Bogdanović,-146,0,15,Made,1,61,61,122,h,Bogdanovic 15' Jump Shot (16 PTS) (Duren 1 AST),Made Shot,Jump Shot,1,2,286
22200835,394,PT08M33.00S,3,1610612759,SAS,1629676,Roby,I. Roby,15,21,3,Missed,1,61,61,122,v,MISS Roby 3' Driving Reverse Layup,Missed Shot,Driving Reverse Layup Shot,1,2,287
22200835,396,PT08M32.00S,3,1610612759,SAS,1628380,Collins,Z. Collins,0,0,0,,0,61,61,122,v,Collins REBOUND (Off:1 Def:6),Rebound,Unknown,1,0,288
22200835,397,PT08M32.00S,3,1610612759,SAS,1628380,Collins,Z. Collins,2,25,3,Made,1,61,63,124,v,Collins 3' Putback Layup (15 PTS),Made Shot,Putback Layup Shot,1,2,289
22200835,398,PT08M23.00S,3,1610612759,SAS,1631103,Branham,M. Branham,0,0,0,,0,61,63,124,v,Branham S.FOUL (P3.T2) (J.Schroeder),Foul,Shooting,1,0,290
22200835,401,PT08M23.00S,3,1610612765,DET,1630165,Hayes,K. Hayes,0,0,0,,0,62,63,125,h,Hayes Free Throw 1 of 2 (1 PTS),Free Throw,Free Throw 1 of 2,1,0,291
22200835,402,PT08M23.00S,3,1610612765,DET,1630165,Hayes,K. Hayes,0,0,0,,0,63,63,126,h,Hayes Free Throw 2 of 2 (2 PTS),Free Throw,Free Throw 2 of 2,1,0,292
22200835,403,PT08M10.00S,3,1610612759,SAS,1628966,Bates-Diop,K. Bates-Diop,0,0,0,,0,63,63,126,v,Bates-Diop Traveling Turnover (P2.T9),Turnover,Traveling,1,0,293
22200835,404,PT07M55.00S,3,1610612765,DET,1630165,Hayes,K. Hayes,-44,63,8,Made,1,65,63,128,h,Hayes 8' Pullup Jump Shot (4 PTS),Made Shot,Pullup Jump shot,1,2,294
22200835,405,PT07M54.00S,3,0,,1610612759,,,0,0,0,,0,65,63,128,v,Spurs Timeout: Regular (Reg.3 Short 0),Timeout,Regular,0,0,295
22200835,406,PT07M40.00S,3,1610612759,SAS,1629676,Roby,I. Roby,0,0,0,,0,65,63,128,v,Roby Bad Pass Turnover (P1.T10),Turnover,Bad Pass,1,0,296
22200835,406,PT07M40.00S,3,1610612765,DET,1631105,Duren,J. Duren,0,0,0,,0,65,63,128,h,Duren STEAL (1 STL),,,1,0,297
22200835,407,PT07M38.00S,3,1610612765,DET,1631105,Duren,J. Duren,10,46,5,Missed,1,65,63,128,h,MISS Duren 5' Running Reverse Layup,Missed Shot,Running Reverse Layup Shot,1,2,298
22200835,408,PT07M37.00S,3,1610612765,DET,1630191,Stewart,I. Stewart,0,0,0,,0,65,63,128,h,Stewart REBOUND (Off:2 Def:4),Rebound,Unknown,1,0,299
22200835,409,PT07M37.00S,3,1610612765,DET,1630191,Stewart,I. Stewart,0,0,0,Missed,1,65,63,128,h,MISS Stewart Tip Layup Shot,Missed Shot,Tip Layup Shot,1,2,300
22200835,410,PT07M36.00S,3,1610612765,DET,1630191,Stewart,I. Stewart,0,0,0,,0,65,63,128,h,Stewart REBOUND (Off:3 Def:4),Rebound,Unknown,1,0,301
22200835,411,PT07M36.00S,3,1610612765,DET,1630191,Stewart,I. Stewart,0,0,0,Made,1,67,63,130,h,Stewart Tip Layup Shot (8 PTS),Made Shot,Tip Layup Shot,1,2,302
22200835,412,PT07M20.00S,3,1610612759,SAS,1629676,Roby,I. Roby,0,0,0,,0,67,63,130,v,Roby Bad Pass Turnover (P2.T11),Turnover,Bad Pass,1,0,303
22200835,412,PT07M20.00S,3,1610612765,DET,1631093,Ivey,J. Ivey,0,0,0,,0,67,63,130,h,Ivey STEAL (1 STL),,,1,0,304
22200835,414,PT07M15.00S,3,1610612765,DET,202711,Bogdanović,B. Bogdanović,-222,-6,0,Missed,1,67,63,130,h,MISS Bogdanovic 3PT Running Jump Shot,Missed Shot,Running Jump Shot,1,3,305
22200835,415,PT07M12.00S,3,1610612765,DET,1631105,Duren,J. Duren,0,0,0,,0,67,63,130,h,Duren REBOUND (Off:4 Def:3),Rebound,Unknown,1,0,306
22200835,416,PT07M10.00S,3,1610612765,DET,1631105,Duren,J. Duren,6,26,3,Made,1,69,63,132,h,Duren 3' Putback Dunk (16 PTS),Made Shot,Putback Dunk Shot,1,2,307
22200835,417,PT06M57.00S,3,1610612759,SAS,1631104,Wesley,B. Wesley,21,29,4,Missed,1,69,63,132,v,MISS Wesley 4' Driving Layup,Missed Shot,Driving Layup Shot,1,2,308
22200835,418,PT06M52.00S,3,1610612765,DET,1631105,Duren,J. Duren,0,0,0,,0,69,63,132,h,Duren REBOUND (Off:4 Def:4),Rebound,Unknown,1,0,309
22200835,419,PT06M50.00S,3,1610612765,DET,202711,Bogdanović,B. Bogdanović,-32,8,3,Made,1,71,63,134,h,Bogdanovic 3' Running Layup (18 PTS) (Hayes 5 AST),Made Shot,Running Layup Shot,1,2,310
22200835,421,PT06M35.00S,3,1610612759,SAS,1628380,Collins,Z. Collins,-12,60,6,Made,1,71,65,136,v,Collins 6' Turnaround Hook Shot (17 PTS),Made Shot,Turnaround Hook Shot,1,2,311
22200835,422,PT06M22.00S,3,1610612759,SAS,1629676,Roby,I. Roby,0,0,0,,0,71,65,136,v,Roby P.FOUL (P3.T3) (S.Corbin),Foul,Personal,1,0,312
22200835,424,PT06M22.00S,3,1610612759,SAS,1629676,Roby,I. Roby,0,0,0,,0,71,65,136,v,SUB: Graham FOR Roby,Substitution,,0,0,313
22200835,425,PT06M22.00S,3,1610612759,SAS,1631104,Wesley,B. Wesley,0,0,0,,0,71,65,136,v,SUB: McDermott FOR Wesley,Substitution,,0,0,314
22200835,428,PT06M10.00S,3,1610612765,DET,1631105,Duren,J. Duren,-7,30,3,Made,1,73,65,138,h,Duren 3' Cutting Dunk Shot (18 PTS) (Stewart 3 AST),Made Shot,Cutting Dunk Shot,1,2,315
22200835,430,PT06M01.00S,3,1610612765,DET,1630191,Stewart,I. Stewart,0,0,0,,0,73,65,138,h,Stewart Violation:Kicked Ball (M.Davis),Violation,Kicked Ball,0,0,316
22200835,431,PT05M58.00S,3,1610612765,DET,1630165,Hayes,K. Hayes,0,0,0,,0,73,65,138,h,Hayes S.FOUL (P1.T4) (S.Corbin),Foul,Shooting,1,0,317
22200835,434,PT05M58.00S,3,1610612759,SAS,1631103,Branham,M. Branham,0,0,0,,0,73,66,139,v,Branham Free Throw 1 of 2 (13 PTS),Free Throw,Free Throw 1 of 2,1,0,318
22200835,435,PT05M58.00S,3,1610612765,DET,1630191,Stewart,I. Stewart,0,0,0,,0,73,66,139,h,SUB: Diallo FOR Stewart,Substitution,,0,0,319
22200835,437,PT05M58.00S,3,1610612759,SAS,1631103,Branham,M. Branham,0,0,0,,0,73,67,140,v,Branham Free Throw 2 of 2 (14 PTS),Free Throw,Free Throw 2 of 2,1,0,320
22200835,438,PT05M47.00S,3,1610612765,DET,202711,Bogdanović,B. Bogdanović,0,0,0,,0,73,67,140,h,Bogdanovic Out of Bounds - Bad Pass Turnover Turnover (P1.T8),Turnover,Out of Bounds - Bad Pass Turnover,1,0,321
22200835,439,PT05M34.00S,3,1610612759,SAS,1631103,Branham,M. Branham,104,235,26,Made,1,73,70,143,v,Branham 26' 3PT Jump Shot (17 PTS) (Collins 3 AST),Made Shot,Jump Shot,1,3,322
22200835,441,PT05M18.00S,3,1610612759,SAS,1628380,Collins,Z. Collins,0,0,0,,0,73,70,143,v,Collins S.FOUL (P3.T4) (M.Davis),Foul,Shooting,1,0,323
22200835,443,PT05M18.00S,3,1610612765,DET,1628977,Diallo,H. Diallo,0,0,0,,0,74,70,144,h,Diallo Free Throw 1 of 2 (4 PTS),Free Throw,Free Throw 1 of 2,1,0,324
22200835,444,PT05M18.00S,3,1610612759,SAS,1628966,Bates-Diop,K. Bates-Diop,0,0,0,,0,74,70,144,v,SUB: S. Johnson FOR Bates-Diop,Substitution,,0,0,325
22200835,446,PT05M18.00S,3,1610612765,DET,1631093,Ivey,J. Ivey,0,0,0,,0,74,70,144,h,SUB: Burks FOR Ivey,Substitution,,0,0,326
22200835,448,PT05M18.00S,3,1610612765,DET,1628977,Diallo,H. Diallo,0,0,0,,0,75,70,145,h,Diallo Free Throw 2 of 2 (5 PTS),Free Throw,Free Throw 2 of 2,1,0,327
22200835,449,PT05M09.00S,3,1610612765,DET,202711,Bogdanović,B. Bogdanović,0,0,0,,0,75,70,145,h,Bogdanovic P.FOUL (P3.PN) (S.Corbin),Foul,Personal,1,0,328
22200835,451,PT05M09.00S,3,1610612759,SAS,1628984,Graham,D. Graham,0,0,0,,0,75,71,146,v,Graham Free Throw 1 of 2 (8 PTS),Free Throw,Free Throw 1 of 2,1,0,329
22200835,452,PT05M09.00S,3,1610612759,SAS,1628380,Collins,Z. Collins,0,0,0,,0,75,71,146,v,SUB: Barlow FOR Collins,Substitution,,0,0,330
22200835,454,PT05M09.00S,3,1610612759,SAS,1628984,Graham,D. Graham,0,0,0,,0,75,72,147,v,Graham Free Throw 2 of 2 (9 PTS),Free Throw,Free Throw 2 of 2,1,0,331
22200835,455,PT04M57.00S,3,1610612759,SAS,1631230,Barlow,D. Barlow,0,0,0,,0,75,72,147,v,Barlow S.FOUL (P2.PN) (S.Corbin),Foul,Shooting,1,0,332
22200835,457,PT04M57.00S,3,1610612765,DET,1631105,Duren,J. Duren,0,0,0,,0,75,72,147,h,MISS Duren Free Throw 1 of 2,Free Throw,Free Throw 1 of 2,1,0,333
22200835,458,PT04M57.00S,3,0,,1610612765,,,0,0,0,,0,75,72,147,h,PISTONS Rebound,Rebound,Normal Rebound,0,0,334
22200835,459,PT04M57.00S,3,1610612765,DET,1631105,Duren,J. Duren,0,0,0,,0,76,72,148,h,Duren Free Throw 2 of 2 (19 PTS),Free Throw,Free Throw 2 of 2,1,0,335
22200835,460,PT04M50.00S,3,1610612759,SAS,1628984,Graham,D. Graham,-25,44,5,Made,1,76,74,150,v,Graham 5' Driving Reverse Layup (11 PTS),Made Shot,Driving Reverse Layup Shot,1,2,336
22200835,461,PT04M50.00S,3,1610612765,DET,1630165,Hayes,K. Hayes,0,0,0,,0,76,74,150,h,Hayes S.FOUL (P2.PN) (M.Davis),Foul,Shooting,1,0,337
22200835,463,PT04M50.00S,3,1610612765,DET,1630165,Hayes,K. Hayes,0,0,0,,0,76,74,150,h,SUB: Joseph FOR Hayes,Substitution,,0,0,338
22200835,464,PT04M50.00S,3,1610612765,DET,202711,Bogdanović,B. Bogdanović,0,0,0,,0,76,74,150,h,SUB: Livers FOR Bogdanovic,Substitution,,0,0,339
22200835,467,PT04M50.00S,3,1610612759,SAS,1628984,Graham,D. Graham,0,0,0,,0,76,75,151,v,Graham Free Throw 1 of 1 (12 PTS),Free Throw,Free Throw 1 of 1,1,0,340
22200835,468,PT04M36.00S,3,1610612765,DET,1628977,Diallo,H. Diallo,5,11,1,Made,1,78,75,153,h,Diallo 1' Cutting Dunk Shot (7 PTS) (Duren 2 AST),Made Shot,Cutting Dunk Shot,1,2,341
22200835,470,PT04M24.00S,3,1610612765,DET,202709,Joseph,C. Joseph,0,0,0,,0,78,75,153,h,Joseph P.FOUL (P2.PN) (J.Schroeder),Foul,Personal,1,0,342
22200835,472,PT04M24.00S,3,1610612759,SAS,1631230,Barlow,D. Barlow,0,0,0,,0,78,75,153,v,MISS Barlow Free Throw 1 of 2,Free Throw,Free Throw 1 of 2,1,0,343
22200835,473,PT04M24.00S,3,0,,1610612759,,,0,0,0,,0,78,75,153,v,Spurs Rebound,Rebound,Normal Rebound,1,0,344
22200835,474,PT04M24.00S,3,1610612759,SAS,1631103,Branham,M. Branham,0,0,0,,0,78,75,153,v,SUB: Dieng FOR Branham,Substitution,,0,0,345
22200835,476,PT04M24.00S,3,1610612759,SAS,1631230,Barlow,D. Barlow,0,0,0,,0,78,76,154,v,Barlow Free Throw 2 of 2 (3 PTS),Free Throw,Free Throw 2 of 2,1,0,346
22200835,477,PT04M12.00S,3,1610612759,SAS,1626169,Johnson,S. Johnson,0,0,0,,0,78,76,154,v,S. Johnson P.FOUL (P1.PN) (M.Davis),Foul,Personal,1,0,347
22200835,479,PT04M12.00S,3,1610612765,DET,1631105,Duren,J. Duren,0,0,0,,0,79,76,155,h,Duren Free Throw 1 of 2 (20 PTS),Free Throw,Free Throw 1 of 2,1,0,348
22200835,480,PT04M12.00S,3,1610612765,DET,1631105,Duren,J. Duren,0,0,0,,0,80,76,156,h,Duren Free Throw 2 of 2 (21 PTS),Free Throw,Free Throw 2 of 2,1,0,349
22200835,481,PT04M01.00S,3,1610612759,SAS,203926,McDermott,D. McDermott,-225,-4,0,Missed,1,80,76,156,v,MISS McDermott 3PT Jump Shot,Missed Shot,Jump Shot,1,3,350
22200835,482,PT03M55.00S,3,1610612765,DET,202692,Burks,A. Burks,0,0,0,,0,80,76,156,h,Burks REBOUND (Off:2 Def:1),Rebound,Unknown,1,0,351
22200835,483,PT03M44.00S,3,1610612765,DET,1628977,Diallo,H. Diallo,-15,64,7,Made,1,82,76,158,h,Diallo 7' Driving Floating Jump Shot (9 PTS) (Burks 1 AST),Made Shot,Driving Floating Jump Shot,1,2,352
22200835,485,PT03M21.00S,3,1610612759,SAS,1626169,Johnson,S. Johnson,-37,44,6,Missed,1,82,76,158,v,MISS S. Johnson 6' Driving Layup,Missed Shot,Driving Layup Shot,1,2,353
22200835,486,PT03M18.00S,3,1610612759,SAS,1626169,Johnson,S. Johnson,0,0,0,,0,82,76,158,v,S. Johnson REBOUND (Off:2 Def:1),Rebound,Unknown,1,0,354
22200835,487,PT03M16.00S,3,1610612759,SAS,1628984,Graham,D. Graham,54,254,26,Made,1,82,79,161,v,Graham 26' 3PT Jump Shot (15 PTS) (S. Johnson 1 AST),Made Shot,Jump Shot,1,3,355
22200835,489,PT02M56.00S,3,1610612765,DET,202692,Burks,A. Burks,0,0,0,,0,82,79,161,h,Burks Traveling Turnover (P2.T9),Turnover,Traveling,1,0,356
22200835,490,PT02M56.00S,3,0,,1610612765,,,0,0,0,,0,82,79,161,h,PISTONS Timeout: Regular (Full 3 Short 0),Timeout,Regular,0,0,357
22200835,491,PT02M56.00S,3,1610612759,SAS,203926,McDermott,D. McDermott,0,0,0,,0,82,79,161,v,SUB: Bates-Diop FOR McDermott,Substitution,,0,0,358
22200835,493,PT02M43.00S,3,1610612759,SAS,1628966,Bates-Diop,K. Bates-Diop,-23,27,4,Made,1,82,81,163,v,Bates-Diop 4' Driving Layup (11 PTS),Made Shot,Driving Layup Shot,1,2,359
22200835,494,PT02M24.00S,3,1610612765,DET,1630587,Livers,I. Livers,29,22,4,Made,1,84,81,165,h,Livers 4' Driving Layup (8 PTS) (Diallo 1 AST),Made Shot,Driving Layup Shot,1,2,360
22200835,495,PT02M23.00S,3,0,,1610612765,,,0,0,0,,0,84,81,165,h,PISTONS Violation: Delay of game Violation,Violation,Delay Of Game,0,0,361
22200835,497,PT02M06.00S,3,1610612759,SAS,1628966,Bates-Diop,K. Bates-Diop,12,38,4,Missed,1,84,81,165,v,MISS Bates-Diop 4' Cutting Layup Shot,Missed Shot,Cutting Layup Shot,1,2,362
22200835,498,PT02M02.00S,3,1610612765,DET,1631105,Duren,J. Duren,0,0,0,,0,84,81,165,h,Duren REBOUND (Off:4 Def:5),Rebound,Unknown,1,0,363
22200835,499,PT01M55.00S,3,1610612765,DET,202692,Burks,A. Burks,165,208,27,Missed,1,84,81,165,h,MISS Burks 27' 3PT Jump Shot,Missed Shot,Jump Shot,1,3,364
22200835,500,PT01M50.00S,3,1610612759,SAS,1626169,Johnson,S. Johnson,0,0,0,,0,84,81,165,v,S. Johnson REBOUND (Off:2 Def:2),Rebound,Unknown,1,0,365
22200835,501,PT01M48.00S,3,1610612759,SAS,1626169,Johnson,S. Johnson,28,16,3,Missed,1,84,81,165,v,MISS S. Johnson 3' Running Layup,Missed Shot,Running Layup Shot,1,2,366
22200835,501,PT01M48.00S,3,1610612765,DET,1631105,Duren,J. Duren,0,0,0,,0,84,81,165,h,Duren BLOCK (2 BLK),,,1,2,367
22200835,503,PT01M48.00S,3,1610612765,DET,202709,Joseph,C. Joseph,0,0,0,,0,84,81,165,h,Joseph REBOUND (Off:0 Def:1),Rebound,Unknown,1,0,368
22200835,504,PT01M47.00S,3,1610612759,SAS,1631230,Barlow,D. Barlow,0,0,0,,0,84,81,165,v,Barlow P.FOUL (P3.PN) (J.Schroeder),Foul,Personal,1,0,369
22200835,506,PT01M47.00S,3,1610612765,DET,202709,Joseph,C. Joseph,0,0,0,,0,85,81,166,h,Joseph Free Throw 1 of 2 (6 PTS),Free Throw,Free Throw 1 of 2,1,0,370
22200835,538,PT01M47.00S,3,1610612765,DET,1631105,Duren,J. Duren,0,0,0,,0,85,81,166,h,SUB: Stewart FOR Duren,Substitution,,0,0,371
22200835,507,PT01M47.00S,3,1610612765,DET,202709,Joseph,C. Joseph,0,0,0,,0,86,81,167,h,Joseph Free Throw 2 of 2 (7 PTS),Free Throw,Free Throw 2 of 2,1,0,372
22200835,508,PT01M36.00S,3,1610612765,DET,1630191,Stewart,I. Stewart,0,0,0,,0,86,81,167,h,Stewart P.FOUL (P4.PN) (M.Davis),Foul,Personal,1,0,373
22200835,510,PT01M36.00S,3,1610612759,SAS,203476,Dieng,G. Dieng,0,0,0,,0,86,82,168,v,Dieng Free Throw 1 of 2 (4 PTS),Free Throw,Free Throw 1 of 2,1,0,374
22200835,511,PT01M36.00S,3,1610612759,SAS,203476,Dieng,G. Dieng,0,0,0,,0,86,83,169,v,Dieng Free Throw 2 of 2 (5 PTS),Free Throw,Free Throw 2 of 2,1,0,375
22200835,512,PT01M20.00S,3,1610612765,DET,1628977,Diallo,H. Diallo,22,122,12,Made,1,88,83,171,h,Diallo 12' Driving Floating Jump Shot (11 PTS),Made Shot,Driving Floating Jump Shot,1,2,376
22200835,513,PT01M12.00S,3,1610612759,SAS,1628984,Graham,D. Graham,94,252,27,Missed,1,88,83,171,v,MISS Graham 27' 3PT Pullup Jump Shot,Missed Shot,Pullup Jump shot,1,3,377
22200835,514,PT01M10.00S,3,1610612765,DET,202692,Burks,A. Burks,0,0,0,,0,88,83,171,h,Burks REBOUND (Off:2 Def:2),Rebound,Unknown,1,0,378
22200835,579,PT01M09.00S,3,1610612765,DET,202692,Burks,A. Burks,0,0,0,,0,88,83,171,h,Burks Lost Ball Turnover (P3.T10),Turnover,Lost Ball,1,0,379
22200835,579,PT01M09.00S,3,1610612759,SAS,1626169,Johnson,S. Johnson,0,0,0,,0,88,83,171,v,S. Johnson STEAL (2 STL),,,1,0,380
22200835,515,PT01M02.00S,3,1610612759,SAS,1628966,Bates-Diop,K. Bates-Diop,-99,42,11,Missed,1,88,83,171,v,MISS Bates-Diop 11' Driving Floating Jump Shot,Missed Shot,Driving Floating Jump Shot,1,2,381
22200835,516,PT00M56.50S,3,1610612759,SAS,1631230,Barlow,D. Barlow,0,0,0,,0,88,83,171,v,Barlow REBOUND (Off:3 Def:3),Rebound,Unknown,1,0,382
22200835,517,PT00M56.00S,3,1610612759,SAS,1631230,Barlow,D. Barlow,0,0,0,,0,88,83,171,v,Barlow Bad Pass Turnover (P1.T12),Turnover,Bad Pass,1,0,383
22200835,517,PT00M56.00S,3,1610612765,DET,1628977,Diallo,H. Diallo,0,0,0,,0,88,83,171,h,Diallo STEAL (1 STL),,,1,0,384
22200835,521,PT00M54.00S,3,1610612759,SAS,203476,Dieng,G. Dieng,0,0,0,,0,88,83,171,v,Dieng S.FOUL (P3.PN) (S.Corbin),Foul,Shooting,1,0,385
22200835,525,PT00M54.00S,3,1610612765,DET,1630191,Stewart,I. Stewart,0,0,0,,0,89,83,172,h,Stewart Free Throw 1 of 2 (9 PTS),Free Throw,Free Throw 1 of 2,1,0,386
22200835,526,PT00M54.00S,3,1610612765,DET,1630191,Stewart,I. Stewart,0,0,0,,0,89,83,172,h,MISS Stewart Free Throw 2 of 2,Free Throw,Free Throw 2 of 2,1,0,387
22200835,527,PT00M49.10S,3,1610612759,SAS,1626169,Johnson,S. Johnson,0,0,0,,0,89,83,172,v,S. Johnson REBOUND (Off:2 Def:3),Rebound,Unknown,1,0,388
22200835,528,PT00M49.10S,3,1610612759,SAS,1626169,Johnson,S. Johnson,0,0,0,,0,89,83,172,v,S. Johnson Backcourt Turnover (P2.T13),Turnover,Backcourt Turnover,1,0,389
22200835,529,PT00M32.00S,3,1610612759,SAS,1631230,Barlow,D. Barlow,0,0,0,,0,89,83,172,v,Barlow S.FOUL (P4.PN) (J.Schroeder),Foul,Shooting,1,0,390
22200835,533,PT00M32.00S,3,1610612759,SAS,1631230,Barlow,D. Barlow,0,0,0,,0,89,83,172,v,SUB: Branham FOR Barlow,Substitution,,0,0,391
22200835,535,PT00M32.00S,3,1610612765,DET,1630191,Stewart,I. Stewart,0,0,0,,0,90,83,173,h,Stewart Free Throw 1 of 2 (10 PTS),Free Throw,Free Throw 1 of 2,1,0,392
22200835,536,PT00M32.00S,3,1610612765,DET,1630191,Stewart,I. Stewart,0,0,0,,0,91,83,174,h,Stewart Free Throw 2 of 2 (11 PTS),Free Throw,Free Throw 2 of 2,1,0,393
22200835,537,PT00M18.80S,3,1610612759,SAS,1631103,Branham,M. Branham,0,0,0,,0,91,83,174,v,Branham Out of Bounds - Bad Pass Turnover Turnover (P2.T14),Turnover,Out of Bounds - Bad Pass Turnover,1,0,394
22200835,540,PT00M04.30S,3,1610612765,DET,202709,Joseph,C. Joseph,-27,26,4,Missed,1,91,83,174,h,MISS Joseph 4' Driving Floating Jump Shot,Missed Shot,Driving Floating Jump Shot,1,2,395
22200835,541,PT00M04.30S,3,0,,1610612765,,,0,0,0,,0,91,83,174,h,PISTONS Rebound,Rebound,Unknown,0,0,396
22200835,542,PT00M04.30S,3,1610612765,DET,1628977,Diallo,H. Diallo,0,0,0,,0,91,83,174,h,Diallo Illegal Assist Turnover (P1.T11),Turnover,Illegal Assist Turnover,1,0,397
22200835,543,PT00M00.00S,3,1610612759,SAS,1628984,Graham,D. Graham,65,306,31,Missed,1,91,83,174,v,MISS Graham 31' 3PT Running Jump Shot,Missed Shot,Running Jump Shot,1,3,398
22200835,544,PT00M00.00S,3,0,,1610612759,,,0,0,0,,0,91,83,174,v,Spurs Rebound,Rebound,Unknown,0,0,399
22200835,545,PT00M00.00S,3,0,,0,,,0,0,0,,0,91,83,174,,End of 3rd Period (8:57 PM EST),period,end,1,0,400
22200835,548,PT12M00.00S,4,0,,0,,,0,0,0,,0,91,83,174,,Start of 4th Period (8:59 PM EST),period,start,0,0,401
22200835,549,PT11M49.00S,4,1610612765,DET,1630191,Stewart,I. Stewart,-201,148,25,Missed,1,91,83,174,h,MISS Stewart 25' 3PT Jump Shot,Missed Shot,Jump Shot,1,3,402
22200835,550,PT11M44.00S,4,1610612759,SAS,1631103,Branham,M. Branham,0,0,0,,0,91,83,174,v,Branham REBOUND (Off:1 Def:2),Rebound,Unknown,1,0,403
22200835,551,PT11M39.00S,4,1610612759,SAS,1631103,Branham,M. Branham,-34,263,27,Made,1,91,86,177,v,Branham 27' 3PT Pullup Jump Shot (20 PTS),Made Shot,Pullup Jump shot,1,3,404
22200835,552,PT11M19.00S,4,1610612765,DET,202692,Burks,A. Burks,88,80,12,Made,1,93,86,179,h,Burks 12' Driving Floating Jump Shot (5 PTS),Made Shot,Driving Floating Jump Shot,1,2,405
22200835,553,PT11M07.00S,4,1610612759,SAS,1631103,Branham,M. Branham,29,13,3,Made,1,93,88,181,v,Branham 3' Driving Layup (22 PTS) (Wesley 2 AST),Made Shot,Driving Layup Shot,1,2,406
22200835,555,PT10M56.00S,4,1610612765,DET,202692,Burks,A. Burks,-36,253,26,Missed,1,93,88,181,h,MISS Burks 26' 3PT Pullup Jump Shot,Missed Shot,Pullup Jump shot,1,3,407
22200835,556,PT10M52.00S,4,1610612759,SAS,1626169,Johnson,S. Johnson,0,0,0,,0,93,88,181,v,S. Johnson REBOUND (Off:2 Def:4),Rebound,Unknown,1,0,408
22200835,557,PT10M43.00S,4,1610612759,SAS,1628966,Bates-Diop,K. Bates-Diop,-33,70,8,Made,1,93,90,183,v,Bates-Diop 8' Driving Layup (13 PTS),Made Shot,Driving Layup Shot,1,2,409
22200835,559,PT10M23.00S,4,1610612765,DET,1628977,Diallo,H. Diallo,12,35,4,Made,1,95,90,185,h,Diallo 4' Driving Layup (13 PTS),Made Shot,Driving Layup Shot,1,2,410
22200835,560,PT10M23.00S,4,1610612759,SAS,203476,Dieng,G. Dieng,0,0,0,,0,95,90,185,v,Dieng S.FOUL (P4.T1) (S.Corbin),Foul,Shooting,1,0,411
22200835,562,PT10M23.00S,4,1610612765,DET,202709,Joseph,C. Joseph,0,0,0,,0,95,90,185,h,SUB: Ivey FOR Joseph,Substitution,,0,0,412
22200835,564,PT10M23.00S,4,1610612765,DET,1628977,Diallo,H. Diallo,0,0,0,,0,96,90,186,h,Diallo Free Throw 1 of 1 (14 PTS),Free Throw,Free Throw 1 of 1,1,0,413
22200835,565,PT10M12.00S,4,1610612765,DET,202692,Burks,A. Burks,0,0,0,,0,96,90,186,h,Burks P.FOUL (P2.T1) (J.Schroeder),Foul,Personal,1,0,414
22200835,567,PT10M12.00S,4,1610612765,DET,202692,Burks,A. Burks,0,0,0,,0,96,90,186,h,SUB: Joseph FOR Burks,Substitution,,0,0,415
22200835,569,PT10M05.00S,4,1610612759,SAS,1631104,Wesley,B. Wesley,-123,116,17,Missed,1,96,90,186,v,MISS Wesley 17' Pullup Jump Shot,Missed Shot,Pullup Jump shot,1,2,416
22200835,570,PT10M02.00S,4,1610612765,DET,1628977,Diallo,H. Diallo,0,0,0,,0,96,90,186,h,Diallo REBOUND (Off:0 Def:1),Rebound,Unknown,1,0,417
22200835,571,PT09M45.00S,4,1610612765,DET,202709,Joseph,C. Joseph,-192,171,26,Missed,1,96,90,186,h,MISS Joseph 26' 3PT Jump Shot,Missed Shot,Jump Shot,1,3,418
22200835,572,PT09M38.00S,4,1610612765,DET,1630191,Stewart,I. Stewart,0,0,0,,0,96,90,186,h,Stewart REBOUND (Off:4 Def:4),Rebound,Unknown,1,0,419
22200835,573,PT09M38.00S,4,1610612765,DET,1630191,Stewart,I. Stewart,0,0,0,Missed,1,96,90,186,h,MISS Stewart Tip Layup Shot,Missed Shot,Tip Layup Shot,1,2,420
22200835,574,PT09M38.00S,4,1610612759,SAS,1626169,Johnson,S. Johnson,0,0,0,,0,96,90,186,v,S. Johnson REBOUND (Off:2 Def:5),Rebound,Unknown,1,0,421
22200835,575,PT09M26.00S,4,1610612765,DET,1630191,Stewart,I. Stewart,0,0,0,,0,96,90,186,h,Stewart S.FOUL (P5.T2) (M.Davis),Foul,Shooting,1,0,422
22200835,577,PT09M26.00S,4,1610612759,SAS,1631103,Branham,M. Branham,0,0,0,,0,96,90,186,v,MISS Branham Free Throw 1 of 2,Free Throw,Free Throw 1 of 2,1,0,423
22200835,578,PT09M26.00S,4,0,,1610612759,,,0,0,0,,0,96,90,186,v,Spurs Rebound,Rebound,Normal Rebound,0,0,424
22200835,581,PT09M26.00S,4,1610612765,DET,1630191,Stewart,I. Stewart,0,0,0,,0,96,90,186,h,SUB: Duren FOR Stewart,Substitution,,0,0,425
22200835,582,PT09M26.00S,4,1610612759,SAS,1628966,Bates-Diop,K. Bates-Diop,0,0,0,,0,96,90,186,v,SUB: Barlow FOR Bates-Diop,Substitution,,0,0,426
22200835,583,PT09M26.00S,4,1610612759,SAS,203476,Dieng,G. Dieng,0,0,0,,0,96,90,186,v,SUB: Roby FOR Dieng,Substitution,,0,0,427
22200835,587,PT09M26.00S,4,1610612759,SAS,1631103,Branham,M. Branham,0,0,0,,0,96,90,186,v,MISS Branham Free Throw 2 of 2,Free Throw,Free Throw 2 of 2,1,0,428
22200835,588,PT09M23.00S,4,1610612765,DET,1631105,Duren,J. Duren,0,0,0,,0,96,90,186,h,Duren REBOUND (Off:4 Def:6),Rebound,Unknown,1,0,429
22200835,589,PT09M23.00S,4,1610612765,DET,1631105,Duren,J. Duren,0,0,0,,0,96,90,186,h,Duren Out of Bounds Lost Ball Turnover (P1.T12),Turnover,Out of Bounds Lost Ball Turnover,1,0,430
22200835,590,PT09M13.00S,4,1610612759,SAS,1631103,Branham,M. Branham,-123,42,13,Missed,1,96,90,186,v,MISS Branham 13' Turnaround Jump Shot,Missed Shot,Turnaround Jump Shot,1,2,431
22200835,591,PT09M10.00S,4,1610612765,DET,1631105,Duren,J. Duren,0,0,0,,0,96,90,186,h,Duren REBOUND (Off:4 Def:7),Rebound,Unknown,1,0,432
22200835,592,PT08M49.00S,4,0,,1610612765,,,0,0,0,,0,96,90,186,h,PISTONS Turnover: Shot Clock (T#13),Turnover,Shot Clock Turnover,0,0,433
22200835,593,PT08M43.00S,4,1610612765,DET,1631093,Ivey,J. Ivey,0,0,0,,0,96,90,186,h,Ivey P.FOUL (P2.T3) (M.Davis),Foul,Personal,1,0,434
22200835,595,PT08M35.00S,4,1610612759,SAS,1631103,Branham,M. Branham,0,0,0,,0,96,90,186,v,Branham Discontinue Dribble Turnover (P3.T15),Turnover,Discontinue Dribble,1,0,435
22200835,596,PT08M23.00S,4,1610612765,DET,202709,Joseph,C. Joseph,-152,203,25,Missed,1,96,90,186,h,MISS Joseph 25' 3PT Jump Shot,Missed Shot,Jump Shot,1,3,436
22200835,597,PT08M18.00S,4,1610612759,SAS,1626169,Johnson,S. Johnson,0,0,0,,0,96,90,186,v,S. Johnson REBOUND (Off:2 Def:6),Rebound,Unknown,1,0,437
22200835,598,PT08M15.00S,4,1610612759,SAS,1626169,Johnson,S. Johnson,2,34,3,Made,1,96,92,188,v,S. Johnson 3' Running Layup (4 PTS),Made Shot,Running Layup Shot,1,2,438
22200835,600,PT08M01.00S,4,1610612765,DET,1628977,Diallo,H. Diallo,0,0,0,,0,96,92,188,h,SUB: Bogdanovic FOR Diallo,Substitution,,0,0,439
22200835,601,PT08M01.00S,4,1610612759,SAS,1631103,Branham,M. Branham,0,0,0,,0,96,92,188,v,SUB: Collins FOR Branham,Substitution,,0,0,440
22200835,602,PT08M01.00S,4,1610612759,SAS,1626169,Johnson,S. Johnson,0,0,0,,0,96,92,188,v,SUB: Graham FOR S. Johnson,Substitution,,0,0,441
22200835,606,PT07M54.00S,4,1610612765,DET,202711,Bogdanović,B. Bogdanović,123,1,12,Made,1,98,92,190,h,Bogdanovic 12' Fadeaway Jumper (20 PTS),Made Shot,Fadeaway Jump Shot,1,2,442
22200835,607,PT07M42.00S,4,1610612759,SAS,1631104,Wesley,B. Wesley,0,0,0,,0,98,92,190,v,Wesley Lost Ball Turnover (P4.T16),Turnover,Lost Ball,1,0,443
22200835,607,PT07M42.00S,4,1610612765,DET,1630587,Livers,I. Livers,0,0,0,,0,98,92,190,h,Livers STEAL (1 STL),,,1,0,444
22200835,609,PT07M31.00S,4,1610612765,DET,202711,Bogdanović,B. Bogdanović,134,66,15,Made,1,100,92,192,h,Bogdanovic 15' Pullup Jump Shot (22 PTS) (Joseph 4 AST),Made Shot,Pullup Jump shot,1,2,445
22200835,611,PT07M30.00S,4,0,,1610612759,,,0,0,0,,0,100,92,192,v,Spurs Timeout: Regular (Reg.4 Short 0),Timeout,Regular,0,0,446
22200835,612,PT07M16.00S,4,1610612765,DET,1631105,Duren,J. Duren,0,0,0,,0,100,92,192,h,Duren S.FOUL (P3.T4) (M.Davis),Foul,Shooting,1,0,447
22200835,614,PT07M16.00S,4,1610612759,SAS,1628380,Collins,Z. Collins,0,0,0,,0,100,93,193,v,Collins Free Throw 1 of 2 (18 PTS),Free Throw,Free Throw 1 of 2,1,0,448
22200835,615,PT07M16.00S,4,1610612759,SAS,1628380,Collins,Z. Collins,0,0,0,,0,100,94,194,v,Collins Free Throw 2 of 2 (19 PTS),Free Throw,Free Throw 2 of 2,1,0,449
22200835,616,PT07M00.00S,4,1610612759,SAS,1628380,Collins,Z. Collins,0,0,0,,0,100,94,194,v,Collins S.FOUL (P4.T2) (M.Davis),Foul,Shooting,1,0,450
22200835,618,PT07M00.00S,4,1610612765,DET,1631105,Duren,J. Duren,0,0,0,,0,100,94,194,h,MISS Duren Free Throw 1 of 2,Free Throw,Free Throw 1 of 2,1,0,451
22200835,619,PT07M00.00S,4,0,,1610612765,,,0,0,0,,0,100,94,194,h,PISTONS Rebound,Rebound,Normal Rebound,1,0,452
22200835,620,PT07M00.00S,4,1610612765,DET,1631105,Duren,J. Duren,0,0,0,,0,101,94,195,h,Duren Free Throw 2 of 2 (22 PTS),Free Throw,Free Throw 2 of 2,1,0,453
22200835,621,PT06M43.00S,4,1610612759,SAS,1628380,Collins,Z. Collins,12,52,5,Missed,1,101,94,195,v,MISS Collins 5' Hook Shot,Missed Shot,Hook Shot,1,2,454
22200835,622,PT06M39.00S,4,1610612765,DET,1631093,Ivey,J. Ivey,0,0,0,,0,101,94,195,h,Ivey REBOUND (Off:1 Def:5),Rebound,Unknown,1,0,455
22200835,623,PT06M37.00S,4,1610612759,SAS,1631104,Wesley,B. Wesley,0,0,0,,0,101,94,195,v,Wesley S.FOUL (P3.T3) (S.Corbin),Foul,Shooting,1,0,456
22200835,625,PT06M37.00S,4,1610612765,DET,1631093,Ivey,J. Ivey,0,0,0,,0,102,94,196,h,Ivey Free Throw 1 of 2 (6 PTS),Free Throw,Free Throw 1 of 2,1,0,457
22200835,626,PT06M37.00S,4,1610612765,DET,202709,Joseph,C. Joseph,0,0,0,,0,102,94,196,h,SUB: Hayes FOR Joseph,Substitution,,0,0,458
22200835,627,PT06M37.00S,4,1610612759,SAS,1631230,Barlow,D. Barlow,0,0,0,,0,102,94,196,v,SUB: Bates-Diop FOR Barlow,Substitution,,0,0,459
22200835,630,PT06M37.00S,4,1610612765,DET,1631093,Ivey,J. Ivey,0,0,0,,0,103,94,197,h,Ivey Free Throw 2 of 2 (7 PTS),Free Throw,Free Throw 2 of 2,1,0,460
22200835,631,PT06M28.00S,4,1610612759,SAS,1628984,Graham,D. Graham,-69,257,27,Made,1,103,97,200,v,Graham 27' 3PT Pullup Jump Shot (18 PTS),Made Shot,Pullup Jump shot,1,3,461
22200835,632,PT06M14.00S,4,1610612759,SAS,1628380,Collins,Z. Collins,0,0,0,,0,103,97,200,v,Collins S.FOUL (P5.T4) (J.Schroeder),Foul,Shooting,1,0,462
22200835,634,PT06M14.00S,4,1610612765,DET,1631105,Duren,J. Duren,0,0,0,,0,103,97,200,h,MISS Duren Free Throw 1 of 2,Free Throw,Free Throw 1 of 2,1,0,463
22200835,635,PT06M14.00S,4,0,,1610612765,,,0,0,0,,0,103,97,200,h,PISTONS Rebound,Rebound,Normal Rebound,0,0,464
22200835,636,PT06M14.00S,4,1610612765,DET,1631105,Duren,J. Duren,0,0,0,,0,103,97,200,h,MISS Duren Free Throw 2 of 2,Free Throw,Free Throw 2 of 2,1,0,465
22200835,637,PT06M11.00S,4,1610612759,SAS,1628380,Collins,Z. Collins,0,0,0,,0,103,97,200,v,Collins REBOUND (Off:1 Def:7),Rebound,Unknown,1,0,466
22200835,638,PT05M54.00S,4,1610612759,SAS,1628380,Collins,Z. Collins,6,27,3,Made,1,103,99,202,v,Collins 3' Driving Layup (21 PTS),Made Shot,Driving Layup Shot,1,2,467
22200835,639,PT05M48.00S,4,0,,1610612765,,,0,0,0,,0,103,99,202,h,PISTONS Timeout: Regular (Full 4 Short 0),Timeout,Regular,0,0,468
22200835,640,PT05M48.00S,4,1610612759,SAS,1631104,Wesley,B. Wesley,0,0,0,,0,103,99,202,v,SUB: Branham FOR Wesley,Substitution,,0,0,469
22200835,642,PT05M37.00S,4,1610612765,DET,202711,Bogdanović,B. Bogdanović,-100,100,14,Missed,1,103,99,202,h,MISS Bogdanovic 14' Step Back Jump Shot,Missed Shot,Step Back Jump shot,1,2,470
22200835,643,PT05M34.00S,4,1610612765,DET,1631093,Ivey,J. Ivey,0,0,0,,0,103,99,202,h,Ivey REBOUND (Off:2 Def:5),Rebound,Unknown,1,0,471
22200835,644,PT05M31.00S,4,1610612765,DET,1631093,Ivey,J. Ivey,145,256,29,Missed,1,103,99,202,h,MISS Ivey 29' 3PT Jump Shot,Missed Shot,Jump Shot,1,3,472
22200835,645,PT05M27.00S,4,1610612765,DET,1630587,Livers,I. Livers,0,0,0,,0,103,99,202,h,Livers REBOUND (Off:1 Def:4),Rebound,Unknown,1,0,473
22200835,646,PT05M14.00S,4,1610612765,DET,1630165,Hayes,K. Hayes,-228,8,0,Missed,1,103,99,202,h,MISS Hayes 3PT Jump Shot,Missed Shot,Jump Shot,1,3,474
22200835,647,PT05M12.00S,4,0,,1610612765,,,0,0,0,,0,103,99,202,h,PISTONS Rebound,Rebound,Unknown,1,0,475
22200835,649,PT05M09.00S,4,1610612765,DET,1631105,Duren,J. Duren,-20,9,2,Made,1,105,99,204,h,Duren 2' Cutting Dunk Shot (24 PTS) (Ivey 7 AST),Made Shot,Cutting Dunk Shot,1,2,476
22200835,651,PT04M41.00S,4,1610612759,SAS,1628966,Bates-Diop,K. Bates-Diop,18,0,2,Missed,1,105,99,204,v,MISS Bates-Diop 2' Reverse Layup,Missed Shot,Reverse Layup Shot,1,2,477
22200835,651,PT04M41.00S,4,1610612765,DET,1631105,Duren,J. Duren,0,0,0,,0,105,99,204,h,Duren BLOCK (3 BLK),,,1,2,478
22200835,653,PT04M41.00S,4,0,,1610612759,,,0,0,0,,0,105,99,204,v,Spurs Rebound,Rebound,Unknown,0,0,479
22200835,655,PT04M39.00S,4,1610612759,SAS,1629676,Roby,I. Roby,-184,-26,19,Missed,1,105,99,204,v,MISS Roby 19' Jump Shot,Missed Shot,Jump Shot,1,2,480
22200835,656,PT04M39.00S,4,0,,1610612759,,,0,0,0,,0,105,99,204,v,Spurs Rebound,Rebound,Unknown,0,0,481
22200835,657,PT04M39.00S,4,0,,1610612759,,,0,0,0,,0,105,99,204,v,Spurs Turnover: Shot Clock (T#17),Turnover,Shot Clock Turnover,1,0,482
22200835,658,PT04M26.00S,4,1610612765,DET,1631093,Ivey,J. Ivey,-176,57,19,Made,1,107,99,206,h,Ivey 19' Pullup Jump Shot (9 PTS) (Duren 3 AST),Made Shot,Pullup Jump shot,1,2,483
22200835,660,PT04M15.00S,4,1610612765,DET,1630165,Hayes,K. Hayes,0,0,0,,0,107,99,206,h,Hayes P.FOUL (P3.PN) (M.Davis),Foul,Personal,1,0,484
22200835,662,PT04M15.00S,4,1610612759,SAS,1628984,Graham,D. Graham,0,0,0,,0,107,100,207,v,Graham Free Throw 1 of 2 (19 PTS),Free Throw,Free Throw 1 of 2,1,0,485
22200835,663,PT04M15.00S,4,1610612759,SAS,1629676,Roby,I. Roby,0,0,0,,0,107,100,207,v,SUB: S. Johnson FOR Roby,Substitution,,0,0,486
22200835,665,PT04M15.00S,4,1610612759,SAS,1628984,Graham,D. Graham,0,0,0,,0,107,101,208,v,Graham Free Throw 2 of 2 (20 PTS),Free Throw,Free Throw 2 of 2,1,0,487
22200835,666,PT04M09.00S,4,1610612765,DET,1630165,Hayes,K. Hayes,0,0,0,,0,107,101,208,h,Hayes Discontinue Dribble Turnover (P3.T14),Turnover,Discontinue Dribble,1,0,488
22200835,667,PT03M54.00S,4,1610612759,SAS,1628984,Graham,D. Graham,-234,32,24,Made,1,107,104,211,v,Graham 24' 3PT Jump Shot (23 PTS) (Bates-Diop 4 AST),Made Shot,Jump Shot,1,3,489
22200835,669,PT03M34.00S,4,1610612765,DET,1630165,Hayes,K. Hayes,-51,142,15,Missed,1,107,104,211,h,MISS Hayes 15' Step Back Jump Shot,Missed Shot,Step Back Jump shot,1,2,490
22200835,670,PT03M31.00S,4,1610612759,SAS,1628380,Collins,Z. Collins,0,0,0,,0,107,104,211,v,Collins REBOUND (Off:1 Def:8),Rebound,Unknown,1,0,491
22200835,671,PT03M21.00S,4,1610612759,SAS,1628984,Graham,D. Graham,-126,257,29,Made,1,107,107,214,v,Graham 29' 3PT Pullup Jump Shot (26 PTS),Made Shot,Pullup Jump shot,1,3,492
22200835,672,PT03M21.00S,4,0,,1610612765,,,0,0,0,,0,107,107,214,h,PISTONS Timeout: Regular (Full 5 Short 0),Timeout,Regular,0,0,493
22200835,673,PT03M02.00S,4,1610612765,DET,202711,Bogdanović,B. Bogdanović,-130,100,16,Missed,1,107,107,214,h,MISS Bogdanovic 16' Pullup Jump Shot,Missed Shot,Pullup Jump shot,1,2,494
22200835,673,PT03M02.00S,4,1610612759,SAS,1628966,Bates-Diop,K. Bates-Diop,0,0,0,,0,107,107,214,v,Bates-Diop BLOCK (1 BLK),,,1,2,495
22200835,675,PT03M01.00S,4,1610612765,DET,202711,Bogdanović,B. Bogdanović,0,0,0,,0,107,107,214,h,Bogdanovic REBOUND (Off:1 Def:1),Rebound,Unknown,1,0,496
22200835,676,PT02M59.00S,4,1610612765,DET,202711,Bogdanović,B. Bogdanović,2,46,5,Missed,1,107,107,214,h,MISS Bogdanovic 5' Driving Finger Roll Layup,Missed Shot,Driving Finger Roll Layup Shot,1,2,497
22200835,677,PT02M58.00S,4,1610612765,DET,1631105,Duren,J. Duren,0,0,0,,0,107,107,214,h,Duren REBOUND (Off:5 Def:7),Rebound,Unknown,1,0,498
22200835,678,PT02M57.00S,4,1610612765,DET,1631105,Duren,J. Duren,0,0,0,Made,1,109,107,216,h,Duren Tip Layup Shot (26 PTS),Made Shot,Tip Layup Shot,1,2,499
22200835,679,PT02M42.00S,4,1610612759,SAS,1628380,Collins,Z. Collins,27,28,4,Made,1,109,109,218,v,Collins 4' Driving Floating Jump Shot (23 PTS) (Graham 3 AST),Made Shot,Driving Floating Jump Shot,1,2,500
22200835,681,PT02M19.00S,4,1610612765,DET,1631093,Ivey,J. Ivey,-143,77,16,Made,1,111,109,220,h,Ivey 16' Pullup Jump Shot (11 PTS) (Bogdanovic 1 AST),Made Shot,Pullup Jump shot,1,2,501
22200835,683,PT02M00.00S,4,1610612759,SAS,1628984,Graham,D. Graham,-47,36,6,Missed,1,111,109,220,v,MISS Graham 6' Driving Layup,Missed Shot,Driving Layup Shot,1,2,502
22200835,684,PT01M57.00S,4,1610612765,DET,1630587,Livers,I. Livers,0,0,0,,0,111,109,220,h,Livers REBOUND (Off:1 Def:5),Rebound,Unknown,1,0,503
22200835,685,PT01M48.00S,4,1610612765,DET,1631105,Duren,J. Duren,27,36,5,Made,1,113,109,222,h,Duren 5' Cutting Layup Shot (28 PTS) (Ivey 8 AST),Made Shot,Cutting Layup Shot,1,2,504
22200835,687,PT01M30.00S,4,1610612759,SAS,1628380,Collins,Z. Collins,12,26,3,Made,1,113,111,224,v,Collins 3' Driving Layup (25 PTS) (Branham 2 AST),Made Shot,Driving Layup Shot,1,2,505
22200835,689,PT01M13.00S,4,1610612765,DET,1631093,Ivey,J. Ivey,0,0,0,,0,113,111,224,h,Ivey Lost Ball Turnover (P3.T15),Turnover,Lost Ball,1,0,506
22200835,689,PT01M13.00S,4,1610612759,SAS,1626169,Johnson,S. Johnson,0,0,0,,0,113,111,224,v,S. Johnson STEAL (3 STL),,,1,0,507
22200835,692,PT01M10.00S,4,1610612759,SAS,1626169,Johnson,S. Johnson,12,18,2,Made,1,113,113,226,v,S. Johnson 2' Running Dunk (6 PTS),Made Shot,Running Dunk Shot,1,2,508
22200835,693,PT00M46.10S,4,1610612765,DET,1630587,Livers,I. Livers,134,72,15,Missed,1,113,113,226,h,MISS Livers 15' Turnaround Fadeaway Shot,Missed Shot,Turnaround Fadeaway shot,1,2,509
22200835,694,PT00M43.40S,4,1610612759,SAS,1628380,Collins,Z. Collins,0,0,0,,0,113,113,226,v,Collins REBOUND (Off:1 Def:9),Rebound,Unknown,1,0,510
22200835,695,PT00M25.10S,4,1610612759,SAS,1628984,Graham,D. Graham,-5,281,28,Missed,1,113,113,226,v,MISS Graham 28' 3PT Pullup Jump Shot,Missed Shot,Pullup Jump shot,1,3,511
22200835,696,PT00M21.10S,4,1610612759,SAS,1626169,Johnson,S. Johnson,0,0,0,,0,113,113,226,v,S. Johnson REBOUND (Off:3 Def:6),Rebound,Unknown,1,0,512
22200835,697,PT00M18.00S,4,1610612759,SAS,1626169,Johnson,S. Johnson,-13,91,9,Missed,1,113,113,226,v,MISS S. Johnson 9' Fadeaway Jumper,Missed Shot,Fadeaway Jump Shot,1,2,513
22200835,698,PT00M15.30S,4,1610612765,DET,202711,Bogdanović,B. Bogdanović,0,0,0,,0,113,113,226,h,Bogdanovic REBOUND (Off:1 Def:2),Rebound,Unknown,1,0,514
22200835,699,PT00M14.00S,4,0,,1610612765,,,0,0,0,,0,113,113,226,h,PISTONS Timeout: Regular (Full 6 Short 0),Timeout,Regular,0,0,515
22200835,700,PT00M00.90S,4,1610612765,DET,202711,Bogdanović,B. Bogdanović,130,77,15,Missed,1,113,113,226,h,MISS Bogdanovic 15' Pullup Jump Shot,Missed Shot,Pullup Jump shot,1,2,516
22200835,701,PT00M00.90S,4,0,,1610612765,,,0,0,0,,0,113,113,226,h,PISTONS Rebound,Rebound,Unknown,1,0,517
22200835,702,PT00M00.00S,4,0,,0,,,0,0,0,,0,113,113,226,,End of 4th Period (9:31 PM EST),period,end,1,0,518
22200835,703,PT05M00.00S,5,0,,0,,,0,0,0,,0,113,113,226,,Start of 1st OT (9:35 PM EST),period,start,0,0,519
22200835,705,PT05M00.00S,5,1610612765,DET,1631105,Duren,J. Duren,0,0,0,,0,113,113,226,h,Jump Ball Duren vs. Collins: Tip to S. Johnson,Jump Ball,,1,0,520
22200835,708,PT04M56.00S,5,1610612765,DET,1631093,Ivey,J. Ivey,0,0,0,,0,113,113,226,h,Ivey P.FOUL (P3.T1) (M.Davis),Foul,Personal,1,0,521
22200835,710,PT04M38.00S,5,1610612765,DET,1631105,Duren,J. Duren,0,0,0,,0,113,113,226,h,Duren S.FOUL (P4.T2) (M.Davis),Foul,Shooting,1,0,522
22200835,712,PT04M38.00S,5,1610612759,SAS,1628380,Collins,Z. Collins,0,0,0,,0,113,114,227,v,Collins Free Throw 1 of 2 (26 PTS),Free Throw,Free Throw 1 of 2,1,0,523
22200835,713,PT04M38.00S,5,1610612759,SAS,1628380,Collins,Z. Collins,0,0,0,,0,113,114,227,v,MISS Collins Free Throw 2 of 2,Free Throw,Free Throw 2 of 2,1,0,524
22200835,714,PT04M36.00S,5,1610612765,DET,1631105,Duren,J. Duren,0,0,0,,0,113,114,227,h,Duren REBOUND (Off:5 Def:8),Rebound,Unknown,1,0,525
22200835,715,PT04M20.00S,5,1610612765,DET,1631105,Duren,J. Duren,5,46,5,Missed,1,113,114,227,h,MISS Duren 5' Cutting Layup Shot,Missed Shot,Cutting Layup Shot,1,2,526
22200835,716,PT04M20.00S,5,0,,1610612759,,,0,0,0,,0,113,114,227,v,Spurs Rebound,Rebound,Unknown,0,0,527
22200835,718,PT04M08.00S,5,1610612765,DET,1631093,Ivey,J. Ivey,0,0,0,,0,113,114,227,h,Ivey P.FOUL (P4.T3) (J.Schroeder),Foul,Personal,1,0,528
22200835,720,PT04M00.00S,5,1610612765,DET,1631093,Ivey,J. Ivey,0,0,0,,0,113,114,227,h,Ivey S.FOUL (P5.PN) (M.Davis),Foul,Shooting,1,0,529
22200835,722,PT04M00.00S,5,1610612759,SAS,1631103,Branham,M. Branham,0,0,0,,0,113,115,228,v,Branham Free Throw 1 of 2 (23 PTS),Free Throw,Free Throw 1 of 2,1,0,530
22200835,723,PT04M00.00S,5,1610612759,SAS,1631103,Branham,M. Branham,0,0,0,,0,113,116,229,v,Branham Free Throw 2 of 2 (24 PTS),Free Throw,Free Throw 2 of 2,1,0,531
22200835,724,PT03M52.00S,5,1610612765,DET,1630165,Hayes,K. Hayes,-107,50,12,Missed,1,113,116,229,h,MISS Hayes 12' Pullup Jump Shot,Missed Shot,Pullup Jump shot,1,2,532
22200835,725,PT03M50.00S,5,1610612765,DET,1631105,Duren,J. Duren,0,0,0,,0,113,116,229,h,Duren REBOUND (Off:6 Def:8),Rebound,Unknown,1,0,533
22200835,726,PT03M47.00S,5,1610612765,DET,1631105,Duren,J. Duren,-6,13,1,Missed,1,113,116,229,h,MISS Duren 1' Putback Layup,Missed Shot,Putback Layup Shot,1,2,534
22200835,726,PT03M47.00S,5,1610612759,SAS,1628966,Bates-Diop,K. Bates-Diop,0,0,0,,0,113,116,229,v,Bates-Diop BLOCK (2 BLK),,,1,2,535
22200835,728,PT03M47.00S,5,1610612765,DET,1631105,Duren,J. Duren,0,0,0,,0,113,116,229,h,Duren REBOUND (Off:7 Def:8),Rebound,Unknown,1,0,536
22200835,729,PT03M42.00S,5,1610612765,DET,1631105,Duren,J. Duren,-10,10,1,Made,1,115,116,231,h,Duren 1' Putback Layup (30 PTS),Made Shot,Putback Layup Shot,1,2,537
22200835,730,PT03M31.00S,5,1610612759,SAS,1631103,Branham,M. Branham,25,22,3,Missed,1,115,116,231,v,MISS Branham 3' Driving Layup,Missed Shot,Driving Layup Shot,1,2,538
22200835,731,PT03M29.00S,5,1610612759,SAS,1628380,Collins,Z. Collins,0,0,0,,0,115,116,231,v,Collins REBOUND (Off:2 Def:9),Rebound,Unknown,1,0,539
22200835,732,PT03M27.00S,5,1610612759,SAS,1628380,Collins,Z. Collins,5,32,3,Made,1,115,118,233,v,Collins 3' Putback Layup (28 PTS),Made Shot,Putback Layup Shot,1,2,540
22200835,733,PT03M14.00S,5,1610612765,DET,1631093,Ivey,J. Ivey,10,26,3,Made,1,117,118,235,h,Ivey 3' Driving Layup (13 PTS),Made Shot,Driving Layup Shot,1,2,541
22200835,734,PT03M00.00S,5,1610612759,SAS,1628984,Graham,D. Graham,32,288,29,Missed,1,117,118,235,v,MISS Graham 29' 3PT Pullup Jump Shot,Missed Shot,Pullup Jump shot,1,3,542
22200835,735,PT02M57.00S,5,1610612765,DET,1631105,Duren,J. Duren,0,0,0,,0,117,118,235,h,Duren REBOUND (Off:7 Def:9),Rebound,Unknown,1,0,543
22200835,736,PT02M42.00S,5,1610612765,DET,202711,Bogdanović,B. Bogdanović,0,0,0,,0,117,118,235,h,Bogdanovic Lost Ball Turnover (P2.T16),Turnover,Lost Ball,1,0,544
22200835,736,PT02M42.00S,5,1610612759,SAS,1631103,Branham,M. Branham,0,0,0,,0,117,118,235,v,Branham STEAL (2 STL),,,1,0,545
22200835,738,PT02M40.00S,5,1610612765,DET,1630165,Hayes,K. Hayes,0,0,0,,0,117,118,235,h,Hayes S.FOUL (P4.PN) (S.Corbin),Foul,Shooting,1,0,546
22200835,740,PT02M40.00S,5,1610612759,SAS,1631103,Branham,M. Branham,0,0,0,,0,117,119,236,v,Branham Free Throw 1 of 2 (25 PTS),Free Throw,Free Throw 1 of 2,1,0,547
22200835,741,PT02M40.00S,5,1610612759,SAS,1631103,Branham,M. Branham,0,0,0,,0,117,119,236,v,MISS Branham Free Throw 2 of 2,Free Throw,Free Throw 2 of 2,1,0,548
22200835,742,PT02M37.00S,5,1610612765,DET,1631105,Duren,J. Duren,0,0,0,,0,117,119,236,h,Duren REBOUND (Off:7 Def:10),Rebound,Unknown,1,0,549
22200835,743,PT02M23.00S,5,1610612765,DET,1631093,Ivey,J. Ivey,147,242,28,Missed,1,117,119,236,h,MISS Ivey 28' 3PT Jump Shot,Missed Shot,Jump Shot,1,3,550
22200835,744,PT02M21.00S,5,1610612765,DET,202711,Bogdanović,B. Bogdanović,0,0,0,,0,117,119,236,h,Bogdanovic REBOUND (Off:2 Def:2),Rebound,Unknown,1,0,551
22200835,745,PT02M18.00S,5,1610612765,DET,202711,Bogdanović,B. Bogdanović,-183,177,25,Missed,1,117,119,236,h,MISS Bogdanovic 25' 3PT Jump Shot,Missed Shot,Jump Shot,1,3,552
22200835,745,PT02M18.00S,5,1610612759,SAS,1628966,Bates-Diop,K. Bates-Diop,0,0,0,,0,117,119,236,v,Bates-Diop BLOCK (3 BLK),,,1,3,553
22200835,747,PT02M18.00S,5,1610612759,SAS,1631103,Branham,M. Branham,0,0,0,,0,117,119,236,v,Branham REBOUND (Off:1 Def:3),Rebound,Unknown,1,0,554
22200835,748,PT02M10.00S,5,1610612759,SAS,1628380,Collins,Z. Collins,114,218,25,Missed,1,117,119,236,v,MISS Collins 25' 3PT Jump Shot,Missed Shot,Jump Shot,1,3,555
22200835,749,PT02M05.00S,5,1610612765,DET,1630587,Livers,I. Livers,0,0,0,,0,117,119,236,h,Livers REBOUND (Off:1 Def:6),Rebound,Unknown,1,0,556
22200835,750,PT01M57.00S,5,1610612765,DET,1630587,Livers,I. Livers,234,19,0,Missed,1,117,119,236,h,MISS Livers 3PT Jump Shot,Missed Shot,Jump Shot,1,3,557
22200835,751,PT01M54.00S,5,1610612759,SAS,1628966,Bates-Diop,K. Bates-Diop,0,0,0,,0,117,119,236,v,Bates-Diop REBOUND (Off:0 Def:4),Rebound,Unknown,1,0,558
22200835,752,PT01M49.00S,5,1610612765,DET,202711,Bogdanović,B. Bogdanović,0,0,0,,0,117,119,236,h,Bogdanovic P.FOUL (P4.PN) (J.Schroeder),Foul,Personal,1,0,559
22200835,754,PT01M49.00S,5,1610612759,SAS,1628380,Collins,Z. Collins,0,0,0,,0,117,119,236,v,MISS Collins Free Throw 1 of 2,Free Throw,Free Throw 1 of 2,1,0,560
22200835,755,PT01M49.00S,5,0,,1610612759,,,0,0,0,,0,117,119,236,v,Spurs Rebound,Rebound,Normal Rebound,0,0,561
22200835,756,PT01M49.00S,5,1610612759,SAS,1628380,Collins,Z. Collins,0,0,0,,0,117,120,237,v,Collins Free Throw 2 of 2 (29 PTS),Free Throw,Free Throw 2 of 2,1,0,562
22200835,757,PT01M39.00S,5,1610612759,SAS,1626169,Johnson,S. Johnson,0,0,0,,0,117,120,237,v,S. Johnson S.FOUL (P2.T1) (J.Schroeder),Foul,Shooting,1,0,563
22200835,759,PT01M39.00S,5,1610612765,DET,1631093,Ivey,J. Ivey,0,0,0,,0,118,120,238,h,Ivey Free Throw 1 of 2 (14 PTS),Free Throw,Free Throw 1 of 2,1,0,564
22200835,760,PT01M39.00S,5,1610612765,DET,1631093,Ivey,J. Ivey,0,0,0,,0,119,120,239,h,Ivey Free Throw 2 of 2 (15 PTS),Free Throw,Free Throw 2 of 2,1,0,565
22200835,761,PT01M29.00S,5,1610612765,DET,1630587,Livers,I. Livers,0,0,0,,0,119,120,239,h,Livers Violation:Kicked Ball (M.Davis),Violation,Kicked Ball,0,0,566
22200835,762,PT01M25.00S,5,1610612765,DET,1630587,Livers,I. Livers,0,0,0,,0,119,120,239,h,Livers P.FOUL (P2.PN) (S.Corbin),Foul,Personal,1,0,567
22200835,764,PT01M25.00S,5,1610612759,SAS,1628984,Graham,D. Graham,0,0,0,,0,119,121,240,v,Graham Free Throw 1 of 2 (27 PTS),Free Throw,Free Throw 1 of 2,1,0,568
22200835,765,PT01M25.00S,5,1610612759,SAS,1628984,Graham,D. Graham,0,0,0,,0,119,122,241,v,Graham Free Throw 2 of 2 (28 PTS),Free Throw,Free Throw 2 of 2,1,0,569
22200835,766,PT01M12.00S,5,1610612765,DET,1631093,Ivey,J. Ivey,110,237,26,Missed,1,119,122,241,h,MISS Ivey 26' 3PT Step Back Jump Shot,Missed Shot,Step Back Jump shot,1,3,570
22200835,767,PT01M08.00S,5,1610612759,SAS,1631103,Branham,M. Branham,0,0,0,,0,119,122,241,v,Branham REBOUND (Off:1 Def:4),Rebound,Unknown,1,0,571
22200835,768,PT00M47.40S,5,1610612759,SAS,1628966,Bates-Diop,K. Bates-Diop,-28,63,7,Missed,1,119,122,241,v,MISS Bates-Diop 7' Driving Finger Roll Layup,Missed Shot,Driving Finger Roll Layup Shot,1,2,572
22200835,769,PT00M47.30S,5,0,,1610612759,,,0,0,0,,0,119,122,241,v,Spurs Rebound,Rebound,Unknown,0,0,573
22200835,770,PT00M47.10S,5,0,,1610612759,,,0,0,0,,0,119,122,241,v,Spurs Turnover: Shot Clock (T#18),Turnover,Shot Clock Turnover,1,0,574
22200835,771,PT00M47.10S,5,0,,1610612765,,,0,0,0,,0,119,122,241,h,PISTONS Timeout: Regular (Full 7 Short 0),Timeout,Regular,0,0,575
22200835,772,PT00M34.10S,5,1610612759,SAS,1626169,Johnson,S. Johnson,0,0,0,,0,119,122,241,v,S. Johnson S.FOUL (P3.PN) (M.Davis),Foul,Shooting,1,0,576
22200835,774,PT00M34.10S,5,0,,1610612759,,,0,0,0,,0,119,122,241,v,Spurs Timeout: Regular (Reg.5 Short 0),Timeout,Regular,0,0,577
22200835,776,PT00M34.10S,5,1610612765,DET,1631093,Ivey,J. Ivey,0,0,0,,0,120,122,242,h,Ivey Free Throw 1 of 2 (16 PTS),Free Throw,Free Throw 1 of 2,1,0,578
22200835,777,PT00M34.10S,5,1610612765,DET,1631093,Ivey,J. Ivey,0,0,0,,0,121,122,243,h,Ivey Free Throw 2 of 2 (17 PTS),Free Throw,Free Throw 2 of 2,1,0,579
22200835,775,PT00M32.00S,5,0,,772,,,0,0,0,,0,119,122,241,,Instant Replay1st OT (9:48 PM EST),Instant Replay,Coach Challenge Ruling Stands,1,0,580
22200835,778,PT00M18.90S,5,1610612759,SAS,1628984,Graham,D. Graham,164,184,25,Made,1,121,125,246,v,Graham 25' 3PT Pullup Jump Shot (31 PTS) (Bates-Diop 5 AST),Made Shot,Pullup Jump shot,1,3,581
22200835,780,PT00M18.40S,5,0,,1610612765,,,0,0,0,,0,121,125,246,h,PISTONS Timeout: Regular (Full 8 Short 0),Timeout,Regular,0,0,582
22200835,781,PT00M16.10S,5,1610612765,DET,202711,Bogdanović,B. Bogdanović,207,31,21,Made,1,123,125,248,h,Bogdanovic 21' Jump Shot (24 PTS) (Hayes 6 AST),Made Shot,Jump Shot,1,2,583
22200835,783,PT00M15.50S,5,0,,781,Perdue,W. Perdue,0,0,0,,0,123,125,248,,Instant Replay1st OT (9:52 PM EST),Instant Replay,Overturn Ruling,0,0,584
22200835,784,PT00M14.30S,5,1610612759,SAS,1628966,Bates-Diop,K. Bates-Diop,0,0,0,,0,123,125,248,v,Bates-Diop Bad Pass Turnover (P3.T19),Turnover,Bad Pass,1,0,585
22200835,784,PT00M14.30S,5,1610612765,DET,1630587,Livers,I. Livers,0,0,0,,0,123,125,248,h,Livers STEAL (2 STL),,,1,0,586
22200835,786,PT00M13.20S,5,1610612759,SAS,1628380,Collins,Z. Collins,0,0,0,,0,123,125,248,v,Collins S.FOUL (P6.PN) (J.Schroeder),Foul,Shooting,1,0,587
22200835,788,PT00M13.20S,5,1610612759,SAS,1628380,Collins,Z. Collins,0,0,0,,0,123,125,248,v,SUB: Dieng FOR Collins,Substitution,,0,0,588
22200835,790,PT00M13.20S,5,1610612765,DET,202711,Bogdanović,B. Bogdanović,0,0,0,,0,124,125,249,h,Bogdanovic Free Throw 1 of 2 (25 PTS),Free Throw,Free Throw 1 of 2,1,0,589
22200835,791,PT00M13.20S,5,1610612765,DET,1631093,Ivey,J. Ivey,0,0,0,,0,124,125,249,h,SUB: Burks FOR Ivey,Substitution,,0,0,590
22200835,793,PT00M13.20S,5,1610612765,DET,202711,Bogdanović,B. Bogdanović,0,0,0,,0,125,125,250,h,Bogdanovic Free Throw 2 of 2 (26 PTS),Free Throw,Free Throw 2 of 2,1,0,591
22200835,794,PT00M00.00S,5,1610612759,SAS,203476,Dieng,G. Dieng,74,1,7,Missed,1,125,125,250,v,MISS Dieng 7' Floating Jump Shot,Missed Shot,Floating Jump shot,1,2,592
22200835,795,PT00M00.00S,5,0,,1610612759,,,0,0,0,,0,125,125,250,v,Spurs Rebound,Rebound,Unknown,0,0,593
22200835,796,PT00M00.00S,5,0,,0,,,0,0,0,,0,125,125,250,,End of 1st OT (9:56 PM EST),period,end,1,0,594
22200835,799,PT05M00.00S,6,0,,0,,,0,0,0,,0,125,125,250,,Start of 2nd OT (9:59 PM EST),period,start,0,0,595
22200835,801,PT05M00.00S,6,1610612765,DET,1631105,Duren,J. Duren,0,0,0,,0,125,125,250,h,Jump Ball Duren vs. Dieng: Tip to Graham,Jump Ball,,1,0,596
22200835,804,PT04M45.00S,6,1610612759,SAS,1628966,Bates-Diop,K. Bates-Diop,26,4,3,Made,1,125,127,252,v,Bates-Diop 3' Alley Oop Layup (15 PTS) (Dieng 1 AST),Made Shot,Alley Oop Layup shot,1,2,597
22200835,806,PT04M30.00S,6,1610612765,DET,202711,Bogdanović,B. Bogdanović,119,258,28,Missed,1,125,127,252,h,MISS Bogdanovic 28' 3PT Jump Shot,Missed Shot,Jump Shot,1,3,598
22200835,807,PT04M27.00S,6,1610612759,SAS,1628966,Bates-Diop,K. Bates-Diop,0,0,0,,0,125,127,252,v,Bates-Diop REBOUND (Off:0 Def:5),Rebound,Unknown,1,0,599
22200835,808,PT04M16.00S,6,1610612759,SAS,203476,Dieng,G. Dieng,-213,137,25,Missed,1,125,127,252,v,MISS Dieng 25' 3PT Jump Shot,Missed Shot,Jump Shot,1,3,600
22200835,809,PT04M11.00S,6,1610612765,DET,1630165,Hayes,K. Hayes,0,0,0,,0,125,127,252,h,Hayes REBOUND (Off:1 Def:3),Rebound,Unknown,1,0,601
22200835,811,PT03M55.00S,6,1610612765,DET,202711,Bogdanović,B. Bogdanović,-42,30,5,Made,1,127,127,254,h,Bogdanovic 5' Driving Layup (28 PTS),Made Shot,Driving Layup Shot,1,2,602
22200835,812,PT03M55.00S,6,1610612759,SAS,203476,Dieng,G. Dieng,0,0,0,,0,127,127,254,v,Dieng Violation:Defensive Goaltending (S.Corbin),Violation,Defensive Goaltending,1,0,603
22200835,813,PT03M30.00S,6,1610612759,SAS,1626169,Johnson,S. Johnson,-33,74,8,Made,1,127,129,256,v,S. Johnson 8' Turnaround Fadeaway (8 PTS),Made Shot,Turnaround Fadeaway shot,1,2,604
22200835,814,PT03M16.00S,6,1610612765,DET,1631093,Ivey,J. Ivey,45,251,26,Missed,1,127,129,256,h,MISS Ivey 26' 3PT Step Back Jump Shot,Missed Shot,Step Back Jump shot,1,3,605
22200835,815,PT03M13.00S,6,1610612759,SAS,203476,Dieng,G. Dieng,0,0,0,,0,127,129,256,v,Dieng REBOUND (Off:1 Def:1),Rebound,Unknown,1,0,606
22200835,816,PT03M06.00S,6,1610612759,SAS,1631103,Branham,M. Branham,-18,39,4,Missed,1,127,129,256,v,MISS Branham 4' Driving Layup,Missed Shot,Driving Layup Shot,1,2,607
22200835,816,PT03M06.00S,6,1610612765,DET,1631105,Duren,J. Duren,0,0,0,,0,127,129,256,h,Duren BLOCK (4 BLK),,,1,2,608
22200835,818,PT03M04.00S,6,1610612765,DET,1631093,Ivey,J. Ivey,0,0,0,,0,127,129,256,h,Ivey REBOUND (Off:2 Def:6),Rebound,Unknown,1,0,609
22200835,819,PT02M54.00S,6,1610612765,DET,1630165,Hayes,K. Hayes,-229,8,0,Missed,1,127,129,256,h,MISS Hayes 3PT Jump Shot,Missed Shot,Jump Shot,1,3,610
22200835,820,PT02M51.00S,6,1610612759,SAS,203476,Dieng,G. Dieng,0,0,0,,0,127,129,256,v,Dieng REBOUND (Off:1 Def:2),Rebound,Unknown,1,0,611
22200835,821,PT02M35.00S,6,1610612759,SAS,1631103,Branham,M. Branham,23,29,4,Made,1,127,131,258,v,Branham 4' Driving Layup (27 PTS),Made Shot,Driving Layup Shot,1,2,612
22200835,822,PT02M19.00S,6,1610612759,SAS,1628966,Bates-Diop,K. Bates-Diop,0,0,0,,0,127,131,258,v,Bates-Diop S.FOUL (P1.T1) (J.Schroeder),Foul,Shooting,1,0,613
22200835,824,PT02M19.00S,6,1610612765,DET,202711,Bogdanović,B. Bogdanović,0,0,0,,0,128,131,259,h,Bogdanovic Free Throw 1 of 2 (29 PTS),Free Throw,Free Throw 1 of 2,1,0,614
22200835,825,PT02M19.00S,6,1610612765,DET,1631105,Duren,J. Duren,0,0,0,,0,128,131,259,h,SUB: Stewart FOR Duren,Substitution,,0,0,615
22200835,827,PT02M19.00S,6,1610612765,DET,202711,Bogdanović,B. Bogdanović,0,0,0,,0,129,131,260,h,Bogdanovic Free Throw 2 of 2 (30 PTS),Free Throw,Free Throw 2 of 2,1,0,616
22200835,828,PT02M04.00S,6,1610612759,SAS,1626169,Johnson,S. Johnson,-232,12,0,Missed,1,129,131,260,v,MISS S. Johnson 3PT Jump Shot,Missed Shot,Jump Shot,1,3,617
22200835,829,PT02M00.00S,6,1610612765,DET,1630587,Livers,I. Livers,0,0,0,,0,129,131,260,h,Livers REBOUND (Off:1 Def:7),Rebound,Unknown,1,0,618
22200835,830,PT01M54.00S,6,1610612765,DET,1630587,Livers,I. Livers,174,182,25,Made,1,132,131,263,h,Livers 25' 3PT Jump Shot (11 PTS) (Stewart 4 AST),Made Shot,Jump Shot,1,3,619
22200835,832,PT01M38.00S,6,1610612759,SAS,1631103,Branham,M. Branham,-77,247,26,Missed,1,132,131,263,v,MISS Branham 26' 3PT Step Back Jump Shot,Missed Shot,Step Back Jump shot,1,3,620
22200835,833,PT01M34.00S,6,1610612765,DET,1630587,Livers,I. Livers,0,0,0,,0,132,131,263,h,Livers REBOUND (Off:1 Def:8),Rebound,Unknown,1,0,621
22200835,834,PT01M23.00S,6,1610612765,DET,1631093,Ivey,J. Ivey,40,25,5,Missed,1,132,131,263,h,MISS Ivey 5' Driving Layup,Missed Shot,Driving Layup Shot,1,2,622
22200835,835,PT01M20.00S,6,1610612759,SAS,1626169,Johnson,S. Johnson,0,0,0,,0,132,131,263,v,S. Johnson REBOUND (Off:3 Def:7),Rebound,Unknown,1,0,623
22200835,836,PT01M16.00S,6,1610612759,SAS,1626169,Johnson,S. Johnson,11,23,3,Missed,1,132,131,263,v,MISS S. Johnson 3' Running Layup,Missed Shot,Running Layup Shot,1,2,624
22200835,837,PT01M12.00S,6,1610612765,DET,202711,Bogdanović,B. Bogdanović,0,0,0,,0,132,131,263,h,Bogdanovic REBOUND (Off:2 Def:3),Rebound,Unknown,1,0,625
22200835,838,PT00M53.50S,6,1610612765,DET,202711,Bogdanović,B. Bogdanović,76,73,11,Missed,1,132,131,263,h,MISS Bogdanovic 11' Driving Floating Bank Jump Shot,Missed Shot,Driving Floating Bank Jump Shot,1,2,626
22200835,839,PT00M52.80S,6,1610612765,DET,1630191,Stewart,I. Stewart,0,0,0,,0,132,131,263,h,Stewart REBOUND (Off:5 Def:4),Rebound,Unknown,1,0,627
22200835,840,PT00M52.20S,6,1610612765,DET,1630191,Stewart,I. Stewart,0,0,0,Made,1,134,131,265,h,Stewart Tip Layup Shot (13 PTS),Made Shot,Tip Layup Shot,1,2,628
22200835,841,PT00M52.20S,6,0,,1610612759,,,0,0,0,,0,134,131,265,v,Spurs Timeout: Regular (Reg.6 Short 0),Timeout,Regular,0,0,629
22200835,842,PT00M52.20S,6,1610612765,DET,1631093,Ivey,J. Ivey,0,0,0,,0,134,131,265,h,SUB: Burks FOR Ivey,Substitution,,0,0,630
22200835,862,PT00M38.20S,6,1610612759,SAS,1628984,Graham,D. Graham,239,8,24,Missed,1,134,131,265,v,MISS Graham 24' 3PT Jump Shot,Missed Shot,Jump Shot,0,3,631
22200835,863,PT00M36.40S,6,1610612765,DET,1630191,Stewart,I. Stewart,0,0,0,,0,134,131,265,h,Stewart REBOUND (Off:5 Def:5),Rebound,Unknown,0,0,632
22200835,864,PT00M15.70S,6,0,,1610612759,,,0,0,0,,0,134,131,265,v,Spurs Timeout: Regular (Reg.7 Short 0),Timeout,Regular,0,0,633
22200835,848,PT00M15.70S,6,1610612759,SAS,1628966,Bates-Diop,K. Bates-Diop,0,0,0,,0,134,131,265,v,Bates-Diop S.FOUL (P2.T2) (M.Davis),Foul,Shooting,1,0,634
22200835,850,PT00M15.70S,6,1610612765,DET,202711,Bogdanović,B. Bogdanović,0,0,0,,0,135,131,266,h,Bogdanovic Free Throw 1 of 2 (31 PTS),Free Throw,Free Throw 1 of 2,1,0,635
22200835,851,PT00M15.70S,6,1610612765,DET,202711,Bogdanović,B. Bogdanović,0,0,0,,0,136,131,267,h,Bogdanovic Free Throw 2 of 2 (32 PTS),Free Throw,Free Throw 2 of 2,1,0,636
22200835,852,PT00M12.70S,6,1610612759,SAS,1628984,Graham,D. Graham,17,283,28,Missed,1,136,131,267,v,MISS Graham 28' 3PT Pullup Jump Shot,Missed Shot,Pullup Jump shot,1,3,637
22200835,853,PT00M09.60S,6,1610612765,DET,1630191,Stewart,I. Stewart,0,0,0,,0,136,131,267,h,Stewart REBOUND (Off:5 Def:6),Rebound,Unknown,1,0,638
22200835,854,PT00M09.60S,6,1610612759,SAS,1628966,Bates-Diop,K. Bates-Diop,0,0,0,,0,136,131,267,v,Bates-Diop P.FOUL (P3.PN) (S.Corbin),Foul,Personal,1,0,639
22200835,856,PT00M09.60S,6,1610612765,DET,1630191,Stewart,I. Stewart,0,0,0,,0,137,131,268,h,Stewart Free Throw 1 of 2 (14 PTS),Free Throw,Free Throw 1 of 2,1,0,640
22200835,857,PT00M09.60S,6,1610612765,DET,1630191,Stewart,I. Stewart,0,0,0,,0,138,131,269,h,Stewart Free Throw 2 of 2 (15 PTS),Free Throw,Free Throw 2 of 2,1,0,641
22200835,858,PT00M03.30S,6,1610612759,SAS,1628966,Bates-Diop,K. Bates-Diop,-235,-19,24,Missed,1,138,131,269,v,MISS Bates-Diop 24' 3PT Jump Shot,Missed Shot,Jump Shot,1,3,642
22200835,859,PT00M03.30S,6,1610612765,DET,1630587,Livers,I. Livers,0,0,0,,0,138,131,269,h,Livers REBOUND (Off:1 Def:9),Rebound,Unknown,1,0,643
22200835,860,PT00M00.00S,6,0,,0,,,0,0,0,,0,138,131,269,,End of 2nd OT (10:10 PM EST),period,end,1,0,644
