gameId,actionNumber,clock,period,teamId,teamTricode,personId,playerName,playerNameI,xLegacy,yLegacy,shotDistance,shotResult,isFieldGoal,scoreHome,scoreAway,pointsTotal,location,description,actionType,subType,videoAvailable,shotValue,actionId
0022300435,2,PT12M00.00S,1,0,,0,,,0,0,0,,0,0,0,0,,Start of 1st Period (9:11 PM EST),period,start,0,0,1
0022300435,4,PT12M00.00S,1,1610612743,DEN,203999,Jokić,N. Jokić,0,0,0,,0,,,0,h,Jump Ball Jokic vs. Holmgren: Tip to Giddey,Jump Ball,,1,0,2
0022300435,7,PT11M42.00S,1,1610612760,OKC,1630581,Giddey,J. Giddey,21,5,2,Missed,1,,,0,v,MISS Giddey 2' Driving Reverse Layup,Missed Shot,Driving Reverse Layup Shot,1,2,3
0022300435,8,PT11M40.00S,1,1610612743,DEN,203999,Jokić,N. Jokić,0,0,0,,0,,,0,h,Jokic REBOUND (Off:0 Def:1),Rebound,Unknown,1,0,4
0022300435,9,PT11M33.00S,1,1610612743,DEN,1627750,Murray,J. Murray,37,251,25,Missed,1,,,0,h,MISS Murray 25' 3PT Step Back Jump Shot,Missed Shot,Step Back Jump shot,1,3,5
0022300435,10,PT11M30.00S,1,1610612760,OKC,1631114,Williams,J. Williams,0,0,0,,0,,,0,v,Jal. Williams REBOUND (Off:0 Def:1),Rebound,Unknown,1,0,6
0022300435,11,PT11M19.00S,1,1610612760,OKC,1631096,Holmgren,C. Holmgren,99,241,26,Made,1,0,3,3,v,Holmgren 26' 3PT Jump Shot (3 PTS) (Jal. Williams 1 AST),Made Shot,Jump Shot,1,3,7
0022300435,13,PT10M50.00S,1,1610612743,DEN,1629008,Porter Jr.,M. Porter Jr.,-9,46,5,Made,1,2,3,5,h,Porter Jr. 5' Driving Hook Shot (2 PTS) (Caldwell-Pope 1 AST),Made Shot,Driving Hook Shot,1,2,8
0022300435,15,PT10M40.00S,1,1610612760,OKC,1631096,Holmgren,C. Holmgren,-168,218,28,Made,1,2,6,8,v,Holmgren 28' 3PT Pullup Jump Shot (6 PTS) (Jal. Williams 2 AST),Made Shot,Pullup Jump shot,1,3,9
0022300435,18,PT10M29.00S,1,1610612743,DEN,203999,Jokić,N. Jokić,0,0,0,,0,,,0,h,Jokic OFF.Foul (P1) (J.Van Duyne),Foul,Offensive,1,0,10
0022300435,20,PT10M29.00S,1,1610612743,DEN,203999,Jokić,N. Jokić,0,0,0,,0,,,0,h,Jokic Offensive Foul Turnover (P1.T1),Turnover,Offensive Foul Turnover,1,0,11
0022300435,21,PT10M12.00S,1,1610612760,OKC,1631096,Holmgren,C. Holmgren,-53,90,10,Made,1,2,8,10,v,Holmgren 10' Driving Floating Jump Shot (8 PTS) (Jal. Williams 3 AST),Made Shot,Driving Floating Jump Shot,1,2,12
0022300435,23,PT09M57.00S,1,1610612760,OKC,1631096,Holmgren,C. Holmgren,0,0,0,,0,,,0,v,Holmgren P.FOUL (P1.T1) (L.Wood),Foul,Personal,1,0,13
0022300435,25,PT09M47.00S,1,1610612743,DEN,1629008,Porter Jr.,M. Porter Jr.,53,245,25,Made,1,5,8,13,h,Porter Jr. 25' 3PT Jump Shot (5 PTS) (Jokic 1 AST),Made Shot,Jump Shot,1,3,14
0022300435,27,PT09M34.00S,1,1610612760,OKC,1631096,Holmgren,C. Holmgren,-6,23,2,Missed,1,,,0,v,MISS Holmgren 2' Cutting Layup Shot,Missed Shot,Cutting Layup Shot,1,2,15
0022300435,28,PT09M30.00S,1,1610612760,OKC,1631096,Holmgren,C. Holmgren,0,0,0,,0,,,0,v,Holmgren REBOUND (Off:1 Def:0),Rebound,Unknown,1,0,16
0022300435,29,PT09M30.00S,1,1610612760,OKC,1631096,Holmgren,C. Holmgren,0,0,0,Made,1,5,10,15,v,Holmgren Tip Layup Shot (10 PTS),Made Shot,Tip Layup Shot,1,2,17
0022300435,30,PT09M18.00S,1,1610612743,DEN,1629008,Porter Jr.,M. Porter Jr.,60,245,25,Missed,1,,,0,h,MISS Porter Jr. 25' 3PT Jump Shot,Missed Shot,Jump Shot,1,3,18
0022300435,31,PT09M15.00S,1,1610612760,OKC,1628983,Gilgeous-Alexander,S. Gilgeous-Alexander,0,0,0,,0,,,0,v,Gilgeous-Alexander REBOUND (Off:0 Def:1),Rebound,Unknown,1,0,19
0022300435,32,PT09M07.00S,1,1610612760,OKC,1631096,Holmgren,C. Holmgren,53,116,13,Missed,1,,,0,v,MISS Holmgren 13' Jump Shot,Missed Shot,Jump Shot,1,2,20
0022300435,32,PT09M07.00S,1,1610612743,DEN,203999,Jokić,N. Jokić,0,0,0,,0,,,0,h,Jokic BLOCK (1 BLK),,,1,2,21
0022300435,34,PT09M05.00S,1,1610612760,OKC,1631096,Holmgren,C. Holmgren,0,0,0,,0,,,0,v,Holmgren REBOUND (Off:2 Def:0),Rebound,Unknown,1,0,22
0022300435,35,PT09M03.00S,1,1610612760,OKC,1630581,Giddey,J. Giddey,-4,32,3,Missed,1,,,0,v,MISS Giddey 3' Driving Layup,Missed Shot,Driving Layup Shot,1,2,23
0022300435,35,PT09M03.00S,1,1610612743,DEN,1631212,Watson,P. Watson,0,0,0,,0,,,0,h,Watson BLOCK (1 BLK),,,1,2,24
0022300435,37,PT09M03.00S,1,0,,1610612760,,,0,0,0,,0,,,0,v,Thunder Rebound,Rebound,Unknown,1,0,25
0022300435,39,PT09M01.00S,1,1610612760,OKC,1630581,Giddey,J. Giddey,0,0,0,,0,,,0,v,Giddey Bad Pass Turnover (P1.T1),Turnover,Bad Pass,1,0,26
0022300435,39,PT09M01.00S,1,1610612743,DEN,203484,Caldwell-Pope,K. Caldwell-Pope,0,0,0,,0,,,0,h,Caldwell-Pope STEAL (1 STL),,,1,0,27
0022300435,41,PT08M58.00S,1,1610612760,OKC,1631114,Williams,J. Williams,0,0,0,,0,,,0,v,Jal. Williams S.FOUL (P1.T2) (L.Wood),Foul,Shooting,1,0,28
0022300435,43,PT08M58.00S,1,1610612743,DEN,1631212,Watson,P. Watson,0,0,0,,0,6,10,16,h,Watson Free Throw 1 of 2 (1 PTS),Free Throw,Free Throw 1 of 2,1,0,29
0022300435,44,PT08M58.00S,1,1610612743,DEN,1631212,Watson,P. Watson,0,0,0,,0,,,0,h,MISS Watson Free Throw 2 of 2,Free Throw,Free Throw 2 of 2,1,0,30
0022300435,45,PT08M55.00S,1,1610612760,OKC,1630581,Giddey,J. Giddey,0,0,0,,0,,,0,v,Giddey REBOUND (Off:0 Def:1),Rebound,Unknown,1,0,31
0022300435,46,PT08M44.00S,1,1610612760,OKC,1630581,Giddey,J. Giddey,-189,189,27,Missed,1,,,0,v,MISS Giddey 27' 3PT Jump Shot,Missed Shot,Jump Shot,1,3,32
0022300435,47,PT08M41.00S,1,1610612743,DEN,1629008,Porter Jr.,M. Porter Jr.,0,0,0,,0,,,0,h,Porter Jr. REBOUND (Off:0 Def:1),Rebound,Unknown,1,0,33
0022300435,48,PT08M34.00S,1,1610612743,DEN,203999,Jokić,N. Jokić,31,31,4,Made,1,8,10,18,h,Jokic 4' Turnaround Jump Shot (2 PTS) (Murray 1 AST),Made Shot,Turnaround Jump Shot,1,2,34
0022300435,50,PT08M20.00S,1,1610612760,OKC,1631114,Williams,J. Williams,134,99,17,Made,1,8,12,20,v,Jal. Williams 17' Step Back Jump Shot (2 PTS) (Holmgren 1 AST),Made Shot,Step Back Jump shot,1,2,35
0022300435,52,PT08M02.00S,1,1610612743,DEN,203999,Jokić,N. Jokić,-25,27,4,Made,1,10,12,22,h,Jokic 4' Turnaround Jump Shot (4 PTS) (Murray 2 AST),Made Shot,Turnaround Jump Shot,1,2,36
0022300435,54,PT07M48.00S,1,1610612743,DEN,203484,Caldwell-Pope,K. Caldwell-Pope,0,0,0,,0,,,0,h,Caldwell-Pope S.FOUL (P1.T1) (K.Lane),Foul,Shooting,1,0,37
0022300435,56,PT07M48.00S,1,1610612760,OKC,1628983,Gilgeous-Alexander,S. Gilgeous-Alexander,0,0,0,,0,10,13,23,v,Gilgeous-Alexander Free Throw 1 of 2 (1 PTS),Free Throw,Free Throw 1 of 2,1,0,38
0022300435,57,PT07M48.00S,1,1610612760,OKC,1628983,Gilgeous-Alexander,S. Gilgeous-Alexander,0,0,0,,0,10,14,24,v,Gilgeous-Alexander Free Throw 2 of 2 (2 PTS),Free Throw,Free Throw 2 of 2,1,0,39
0022300435,58,PT07M34.00S,1,1610612743,DEN,1627750,Murray,J. Murray,-99,71,12,Missed,1,,,0,h,MISS Murray 12' Turnaround Fadeaway Shot,Missed Shot,Turnaround Fadeaway shot,1,2,40
0022300435,58,PT07M34.00S,1,1610612760,OKC,1631114,Williams,J. Williams,0,0,0,,0,,,0,v,Jal. Williams BLOCK (1 BLK),,,1,2,41
0022300435,59,PT07M31.00S,1,1610612760,OKC,1630581,Giddey,J. Giddey,0,0,0,,0,,,0,v,Giddey REBOUND (Off:0 Def:2),Rebound,Unknown,1,0,42
0022300435,60,PT07M25.00S,1,1610612760,OKC,1628983,Gilgeous-Alexander,S. Gilgeous-Alexander,-6,7,1,Made,1,10,16,26,v,Gilgeous-Alexander 1' Running Layup (4 PTS) (Giddey 1 AST),Made Shot,Running Layup Shot,1,2,43
0022300435,62,PT07M15.00S,1,1610612760,OKC,1629652,Dort,L. Dort,0,0,0,,0,,,0,v,Dort P.FOUL (P1.T3) (L.Wood),Foul,Personal,1,0,44
0022300435,64,PT07M10.00S,1,1610612743,DEN,1629008,Porter Jr.,M. Porter Jr.,82,227,24,Made,1,13,16,29,h,Porter Jr. 24' 3PT Jump Shot (8 PTS) (Watson 1 AST),Made Shot,Jump Shot,1,3,45
0022300435,66,PT06M54.00S,1,1610612760,OKC,1631096,Holmgren,C. Holmgren,-9,16,2,Made,1,13,18,31,v,Holmgren 2' Driving Dunk (12 PTS) (Gilgeous-Alexander 1 AST),Made Shot,Driving Dunk Shot,1,2,46
0022300435,68,PT06M54.00S,1,0,,1610612743,,,0,0,0,,0,,,0,h,NUGGETS Timeout: Regular (Full 1 Short 0),Timeout,Regular,0,0,47
0022300435,69,PT06M31.00S,1,1610612743,DEN,203999,Jokić,N. Jokić,31,71,8,Made,1,15,18,33,h,Jokic 8' Turnaround Jump Shot (6 PTS),Made Shot,Turnaround Jump Shot,1,2,48
0022300435,70,PT06M15.00S,1,1610612743,DEN,1629008,Porter Jr.,M. Porter Jr.,0,0,0,,0,,,0,h,Porter Jr. P.FOUL (P1.T2) (L.Wood),Foul,Personal,1,0,49
0022300435,73,PT06M07.00S,1,1610612760,OKC,1631114,Williams,J. Williams,27,33,4,Missed,1,,,0,v,MISS Jal. Williams 4' Layup,Missed Shot,Layup Shot,1,2,50
0022300435,73,PT06M07.00S,1,1610612743,DEN,1629008,Porter Jr.,M. Porter Jr.,0,0,0,,0,,,0,h,Porter Jr. BLOCK (1 BLK),,,1,2,51
0022300435,75,PT06M04.00S,1,1610612760,OKC,1631114,Williams,J. Williams,0,0,0,,0,,,0,v,Jal. Williams REBOUND (Off:1 Def:1),Rebound,Unknown,1,0,52
0022300435,76,PT06M01.00S,1,1610612760,OKC,1630581,Giddey,J. Giddey,-91,64,11,Made,1,15,20,35,v,Giddey 11' Driving Floating Bank Jump Shot (2 PTS) (Jal. Williams 4 AST),Made Shot,Driving Floating Bank Jump Shot,1,2,53
0022300435,78,PT05M48.00S,1,1610612743,DEN,203484,Caldwell-Pope,K. Caldwell-Pope,-38,262,26,Made,1,18,20,38,h,Caldwell-Pope 26' 3PT Jump Shot (3 PTS) (Murray 3 AST),Made Shot,Jump Shot,1,3,54
0022300435,80,PT05M24.00S,1,1610612760,OKC,1631096,Holmgren,C. Holmgren,-13,96,10,Made,1,18,22,40,v,Holmgren 10' Floating Jump Shot (14 PTS) (Jal. Williams 5 AST),Made Shot,Floating Jump shot,1,2,55
0022300435,82,PT05M08.00S,1,1610612743,DEN,203999,Jokić,N. Jokić,-4,48,5,Made,1,20,22,42,h,Jokic 5' Cutting Layup Shot (8 PTS) (Murray 4 AST),Made Shot,Cutting Layup Shot,1,2,56
0022300435,84,PT04M48.00S,1,1610612760,OKC,1628983,Gilgeous-Alexander,S. Gilgeous-Alexander,4,16,2,Missed,1,,,0,v,MISS Gilgeous-Alexander 2' Driving Finger Roll Layup,Missed Shot,Driving Finger Roll Layup Shot,1,2,57
0022300435,85,PT04M46.00S,1,1610612743,DEN,203999,Jokić,N. Jokić,0,0,0,,0,,,0,h,Jokic REBOUND (Off:0 Def:2),Rebound,Unknown,1,0,58
0022300435,86,PT04M35.00S,1,1610612743,DEN,1631212,Watson,P. Watson,32,-1,3,Made,1,22,22,44,h,Watson 3' Layup (3 PTS) (Jokic 2 AST),Made Shot,Layup Shot,1,2,59
0022300435,88,PT04M35.00S,1,0,,1610612760,,,0,0,0,,0,,,0,v,Thunder Timeout: Regular (Reg.1 Short 0),Timeout,Regular,0,0,60
0022300435,89,PT04M35.00S,1,1610612743,DEN,1631212,Watson,P. Watson,0,0,0,,0,,,0,h,SUB: Holiday FOR Watson,Substitution,,0,0,61
0022300435,90,PT04M35.00S,1,1610612760,OKC,1631114,Williams,J. Williams,0,0,0,,0,,,0,v,SUB: Jay. Williams FOR Jal. Williams,Substitution,,0,0,62
0022300435,91,PT04M35.00S,1,1610612760,OKC,1631096,Holmgren,C. Holmgren,0,0,0,,0,,,0,v,SUB: Joe FOR Holmgren,Substitution,,0,0,63
0022300435,92,PT04M35.00S,1,1610612760,OKC,1630581,Giddey,J. Giddey,0,0,0,,0,,,0,v,SUB: Wiggins FOR Giddey,Substitution,,0,0,64
0022300435,97,PT04M14.00S,1,1610612760,OKC,1629652,Dort,L. Dort,-157,221,27,Missed,1,,,0,v,MISS Dort 27' 3PT Jump Shot,Missed Shot,Jump Shot,1,3,65
0022300435,98,PT04M09.00S,1,1610612743,DEN,1629008,Porter Jr.,M. Porter Jr.,0,0,0,,0,,,0,h,Porter Jr. REBOUND (Off:0 Def:2),Rebound,Unknown,1,0,66
0022300435,99,PT04M02.00S,1,1610612743,DEN,203484,Caldwell-Pope,K. Caldwell-Pope,113,225,25,Made,1,25,22,47,h,Caldwell-Pope 25' 3PT Jump Shot (6 PTS) (Jokic 3 AST),Made Shot,Jump Shot,1,3,67
0022300435,101,PT03M45.00S,1,1610612760,OKC,1628983,Gilgeous-Alexander,S. Gilgeous-Alexander,27,152,15,Missed,1,,,0,v,MISS Gilgeous-Alexander 15' Step Back Jump Shot,Missed Shot,Step Back Jump shot,1,2,68
0022300435,102,PT03M42.00S,1,1610612743,DEN,203999,Jokić,N. Jokić,0,0,0,,0,,,0,h,Jokic REBOUND (Off:0 Def:3),Rebound,Unknown,1,0,69
0022300435,103,PT03M34.00S,1,1610612743,DEN,1629008,Porter Jr.,M. Porter Jr.,152,210,26,Missed,1,,,0,h,MISS Porter Jr. 26' 3PT Jump Shot,Missed Shot,Jump Shot,1,3,70
0022300435,104,PT03M31.00S,1,1610612760,OKC,1631119,Williams,J. Williams,0,0,0,,0,,,0,v,Jay. Williams REBOUND (Off:0 Def:1),Rebound,Unknown,1,0,71
0022300435,105,PT03M25.00S,1,1610612760,OKC,1628983,Gilgeous-Alexander,S. Gilgeous-Alexander,147,4,15,Missed,1,,,0,v,MISS Gilgeous-Alexander 15' Pullup Jump Shot,Missed Shot,Pullup Jump shot,1,2,72
0022300435,106,PT03M22.00S,1,1610612743,DEN,1629008,Porter Jr.,M. Porter Jr.,0,0,0,,0,,,0,h,Porter Jr. REBOUND (Off:0 Def:3),Rebound,Unknown,1,0,73
0022300435,107,PT03M16.00S,1,1610612743,DEN,203200,Holiday,J. Holiday,238,4,24,Missed,1,,,0,h,MISS Holiday 24' 3PT Jump Shot,Missed Shot,Jump Shot,1,3,74
0022300435,108,PT03M14.00S,1,1610612760,OKC,1630198,Joe,I. Joe,0,0,0,,0,,,0,v,Joe REBOUND (Off:0 Def:1),Rebound,Unknown,1,0,75
0022300435,109,PT02M59.00S,1,1610612760,OKC,1629652,Dort,L. Dort,-228,25,0,Missed,1,,,0,v,MISS Dort 3PT Jump Shot,Missed Shot,Jump Shot,1,3,76
0022300435,110,PT02M55.00S,1,1610612760,OKC,1630598,Wiggins,A. Wiggins,0,0,0,,0,,,0,v,Wiggins REBOUND (Off:1 Def:0),Rebound,Unknown,1,0,77
0022300435,111,PT02M44.00S,1,1610612760,OKC,1630598,Wiggins,A. Wiggins,228,63,24,Made,1,25,25,50,v,Wiggins 24' 3PT Jump Shot (3 PTS) (Joe 1 AST),Made Shot,Jump Shot,1,3,78
0022300435,113,PT02M27.00S,1,1610612743,DEN,1627750,Murray,J. Murray,-10,243,24,Missed,1,,,0,h,MISS Murray 24' 3PT Step Back Jump Shot,Missed Shot,Step Back Jump shot,1,3,79
0022300435,114,PT02M25.00S,1,1610612760,OKC,1631119,Williams,J. Williams,0,0,0,,0,,,0,v,Jay. Williams REBOUND (Off:0 Def:2),Rebound,Unknown,1,0,80
0022300435,115,PT02M13.00S,1,1610612760,OKC,1631119,Williams,J. Williams,223,25,0,Missed,1,,,0,v,MISS Jay. Williams 3PT Jump Shot,Missed Shot,Jump Shot,1,3,81
0022300435,116,PT02M10.00S,1,1610612743,DEN,1629008,Porter Jr.,M. Porter Jr.,0,0,0,,0,,,0,h,Porter Jr. REBOUND (Off:0 Def:4),Rebound,Unknown,1,0,82
0022300435,117,PT01M56.00S,1,1610612743,DEN,203999,Jokić,N. Jokić,96,19,10,Missed,1,,,0,h,MISS Jokic 10' Driving Floating Jump Shot,Missed Shot,Driving Floating Jump Shot,1,2,83
0022300435,118,PT01M54.00S,1,1610612760,OKC,1631119,Williams,J. Williams,0,0,0,,0,,,0,v,Jay. Williams REBOUND (Off:0 Def:3),Rebound,Unknown,1,0,84
0022300435,119,PT01M49.00S,1,1610612760,OKC,1628983,Gilgeous-Alexander,S. Gilgeous-Alexander,-21,0,2,Made,1,25,27,52,v,Gilgeous-Alexander 2' Running Finger Roll Layup (6 PTS),Made Shot,Running Finger Roll Layup Shot,1,2,85
0022300435,120,PT01M38.00S,1,1610612743,DEN,1629008,Porter Jr.,M. Porter Jr.,50,263,27,Missed,1,,,0,h,MISS Porter Jr. 27' 3PT Jump Shot,Missed Shot,Jump Shot,1,3,86
0022300435,121,PT01M38.00S,1,1610612760,OKC,1631119,Williams,J. Williams,0,0,0,,0,,,0,v,Jay. Williams REBOUND (Off:0 Def:4),Rebound,Unknown,1,0,87
0022300435,122,PT01M27.00S,1,1610612743,DEN,1627750,Murray,J. Murray,0,0,0,,0,,,0,h,Murray S.FOUL (P1.T3) (J.Van Duyne),Foul,Shooting,1,0,88
0022300435,124,PT01M27.00S,1,1610612760,OKC,1628983,Gilgeous-Alexander,S. Gilgeous-Alexander,0,0,0,,0,25,28,53,v,Gilgeous-Alexander Free Throw 1 of 2 (7 PTS),Free Throw,Free Throw 1 of 2,1,0,89
0022300435,125,PT01M27.00S,1,1610612743,DEN,1629008,Porter Jr.,M. Porter Jr.,0,0,0,,0,,,0,h,SUB: Jackson FOR Porter Jr.,Substitution,,0,0,90
0022300435,126,PT01M27.00S,1,1610612743,DEN,203484,Caldwell-Pope,K. Caldwell-Pope,0,0,0,,0,,,0,h,SUB: Braun FOR Caldwell-Pope,Substitution,,0,0,91
0022300435,127,PT01M27.00S,1,1610612743,DEN,203999,Jokić,N. Jokić,0,0,0,,0,,,0,h,SUB: Jordan FOR Jokic,Substitution,,0,0,92
0022300435,128,PT01M27.00S,1,1610612743,DEN,1627750,Murray,J. Murray,0,0,0,,0,,,0,h,SUB: Strawther FOR Murray,Substitution,,0,0,93
0022300435,129,PT01M27.00S,1,1610612760,OKC,1629652,Dort,L. Dort,0,0,0,,0,,,0,v,SUB: Wallace FOR Dort,Substitution,,0,0,94
0022300435,135,PT01M27.00S,1,1610612760,OKC,1628983,Gilgeous-Alexander,S. Gilgeous-Alexander,0,0,0,,0,25,29,54,v,Gilgeous-Alexander Free Throw 2 of 2 (8 PTS),Free Throw,Free Throw 2 of 2,1,0,95
0022300435,136,PT01M04.00S,1,1610612743,DEN,202704,Jackson,R. Jackson,42,10,4,Missed,1,,,0,h,MISS Jackson 4' Driving Finger Roll Layup,Missed Shot,Driving Finger Roll Layup Shot,1,2,96
0022300435,137,PT01M03.00S,1,0,,1610612743,,,0,0,0,,0,,,0,h,NUGGETS Rebound,Rebound,Unknown,1,0,97
0022300435,138,PT01M03.00S,1,0,,1610612743,,,0,0,0,,0,,,0,h,NUGGETS Turnover: Shot Clock (T#2),Turnover,Shot Clock Turnover,1,0,98
0022300435,139,PT00M52.70S,1,1610612760,OKC,1628983,Gilgeous-Alexander,S. Gilgeous-Alexander,-98,79,13,Made,1,25,31,56,v,Gilgeous-Alexander 13' Pullup Jump Shot (10 PTS),Made Shot,Pullup Jump shot,1,2,99
0022300435,140,PT00M35.10S,1,1610612743,DEN,1631124,Strawther,J. Strawther,-43,88,10,Made,1,27,31,58,h,Strawther 10' Driving Floating Jump Shot (2 PTS) (Jordan 1 AST),Made Shot,Driving Floating Jump Shot,1,2,100
0022300435,142,PT00M30.80S,1,1610612743,DEN,1631128,Braun,C. Braun,0,0,0,,0,,,0,h,Braun P.FOUL (P1.PN) (K.Lane),Foul,Personal,1,0,101
0022300435,144,PT00M30.80S,1,1610612760,OKC,1628983,Gilgeous-Alexander,S. Gilgeous-Alexander,0,0,0,,0,27,32,59,v,Gilgeous-Alexander Free Throw 1 of 2 (11 PTS),Free Throw,Free Throw 1 of 2,1,0,102
0022300435,145,PT00M30.80S,1,1610612760,OKC,1628983,Gilgeous-Alexander,S. Gilgeous-Alexander,0,0,0,,0,27,33,60,v,Gilgeous-Alexander Free Throw 2 of 2 (12 PTS),Free Throw,Free Throw 2 of 2,1,0,103
0022300435,146,PT00M20.70S,1,1610612760,OKC,1641717,Wallace,C. Wallace,0,0,0,,0,,,0,v,Wallace P.FOUL (P1.T4) (L.Wood),Foul,Personal,1,0,104
0022300435,148,PT00M14.20S,1,1610612743,DEN,203200,Holiday,J. Holiday,237,34,24,Missed,1,,,0,h,MISS Holiday 24' 3PT Step Back Jump Shot,Missed Shot,Step Back Jump shot,1,3,105
0022300435,149,PT00M10.60S,1,1610612743,DEN,201599,Jordan,D. Jordan,0,0,0,,0,,,0,h,Jordan REBOUND (Off:1 Def:0),Rebound,Unknown,1,0,106
0022300435,150,PT00M00.30S,1,1610612743,DEN,202704,Jackson,R. Jackson,-221,131,26,Missed,1,,,0,h,MISS Jackson 26' 3PT Floating Jump Shot,Missed Shot,Floating Jump shot,1,3,107
0022300435,151,PT00M00.10S,1,0,,1610612743,,,0,0,0,,0,,,0,h,NUGGETS Rebound,Rebound,Unknown,1,0,108
0022300435,152,PT00M00.00S,1,0,,0,,,0,0,0,,0,27,33,60,,End of 1st Period (9:35 PM EST),period,end,1,0,109
0022300435,161,PT12M00.00S,2,0,,0,,,0,0,0,,0,27,33,60,,Start of 2nd Period (9:38 PM EST),period,start,0,0,110
0022300435,162,PT11M49.00S,2,1610612743,DEN,1631124,Strawther,J. Strawther,31,263,26,Made,1,30,33,63,h,Strawther 26' 3PT Jump Shot (5 PTS) (Jackson 1 AST),Made Shot,Jump Shot,1,3,111
0022300435,164,PT11M22.00S,2,1610612760,OKC,1641717,Wallace,C. Wallace,-222,95,24,Missed,1,,,0,v,MISS Wallace 24' 3PT Jump Shot,Missed Shot,Jump Shot,1,3,112
0022300435,165,PT11M18.00S,2,1610612743,DEN,202704,Jackson,R. Jackson,0,0,0,,0,,,0,h,Jackson REBOUND (Off:0 Def:1),Rebound,Unknown,1,0,113
0022300435,166,PT11M09.00S,2,1610612743,DEN,1631124,Strawther,J. Strawther,0,0,0,,0,,,0,h,Strawther OFF.Foul (P1) (J.Van Duyne),Foul,Offensive,1,0,114
0022300435,168,PT11M09.00S,2,1610612743,DEN,1631124,Strawther,J. Strawther,0,0,0,,0,,,0,h,Strawther Offensive Foul Turnover (P1.T3),Turnover,Offensive Foul Turnover,1,0,115
0022300435,169,PT11M09.00S,2,0,,166,Harper,R. Harper,0,0,0,,0,30,33,63,,Instant Replay2nd Period (9:39 PM EST),Instant Replay,Support Ruling,0,0,116
0022300435,170,PT10M59.00S,2,1610612743,DEN,1631124,Strawther,J. Strawther,0,0,0,,0,,,0,h,Strawther P.FOUL (P2.T1) (K.Lane),Foul,Personal,1,0,117
0022300435,172,PT10M51.00S,2,1610612760,OKC,1631096,Holmgren,C. Holmgren,147,205,25,Made,1,30,36,66,v,Holmgren 25' 3PT Jump Shot (17 PTS) (Jal. Williams 6 AST),Made Shot,Jump Shot,1,3,118
0022300435,174,PT10M35.00S,2,1610612743,DEN,202704,Jackson,R. Jackson,93,260,28,Missed,1,,,0,h,MISS Jackson 28' 3PT Jump Shot,Missed Shot,Jump Shot,1,3,119
0022300435,175,PT10M32.00S,2,0,,1610612743,,,0,0,0,,0,,,0,h,NUGGETS Rebound,Rebound,Unknown,1,0,120
0022300435,176,PT10M32.00S,2,1610612760,OKC,1629026,Williams,K. Williams,0,0,0,,0,,,0,v,K. Williams L.B.FOUL (P1.T1) (K.Lane),Foul,Loose Ball,1,0,121
0022300435,180,PT10M27.00S,2,1610612743,DEN,1631124,Strawther,J. Strawther,0,0,0,,0,,,0,h,Strawther OFF.Foul (P3) (J.Van Duyne),Foul,Offensive,1,0,122
0022300435,182,PT10M27.00S,2,1610612743,DEN,1631124,Strawther,J. Strawther,0,0,0,,0,,,0,h,Strawther Offensive Foul Turnover (P2.T4),Turnover,Offensive Foul Turnover,1,0,123
0022300435,183,PT10M18.00S,2,1610612760,OKC,1629026,Williams,K. Williams,-66,258,27,Missed,1,,,0,v,MISS K. Williams 27' 3PT Jump Shot,Missed Shot,Jump Shot,1,3,124
0022300435,184,PT10M15.00S,2,1610612743,DEN,201599,Jordan,D. Jordan,0,0,0,,0,,,0,h,Jordan REBOUND (Off:1 Def:1),Rebound,Unknown,1,0,125
0022300435,185,PT09M59.00S,2,1610612743,DEN,1631124,Strawther,J. Strawther,80,168,19,Missed,1,,,0,h,MISS Strawther 19' Step Back Jump Shot,Missed Shot,Step Back Jump shot,1,2,126
0022300435,185,PT09M59.00S,2,1610612760,OKC,1631096,Holmgren,C. Holmgren,0,0,0,,0,,,0,v,Holmgren BLOCK (1 BLK),,,1,2,127
0022300435,187,PT09M56.00S,2,1610612760,OKC,1641717,Wallace,C. Wallace,0,0,0,,0,,,0,v,Wallace REBOUND (Off:0 Def:1),Rebound,Unknown,1,0,128
0022300435,188,PT09M54.00S,2,1610612760,OKC,1641717,Wallace,C. Wallace,-1,13,1,Made,1,30,38,68,v,Wallace 1' Running Layup (2 PTS),Made Shot,Running Layup Shot,1,2,129
0022300435,189,PT09M53.00S,2,0,,1610612743,,,0,0,0,,0,,,0,h,NUGGETS Timeout: Regular (Full 2 Short 0),Timeout,Regular,0,0,130
0022300435,190,PT09M53.00S,2,1610612743,DEN,1631124,Strawther,J. Strawther,0,0,0,,0,,,0,h,SUB: Porter Jr. FOR Strawther,Substitution,,0,0,131
0022300435,191,PT09M53.00S,2,1610612743,DEN,203200,Holiday,J. Holiday,0,0,0,,0,,,0,h,SUB: Watson FOR Holiday,Substitution,,0,0,132
0022300435,194,PT09M39.00S,2,1610612743,DEN,201599,Jordan,D. Jordan,2,-4,0,Made,1,32,38,70,h,Jordan Alley Oop Dunk (2 PTS) (Jackson 2 AST),Made Shot,Alley Oop Dunk Shot,1,2,133
0022300435,196,PT09M12.00S,2,1610612760,OKC,1631114,Williams,J. Williams,69,25,7,Missed,1,,,0,v,MISS Jal. Williams 7' Pullup Jump Shot,Missed Shot,Pullup Jump shot,1,2,134
0022300435,197,PT09M10.00S,2,1610612743,DEN,201599,Jordan,D. Jordan,0,0,0,,0,,,0,h,Jordan REBOUND (Off:1 Def:2),Rebound,Unknown,1,0,135
0022300435,198,PT08M51.00S,2,1610612743,DEN,1631212,Watson,P. Watson,180,187,26,Missed,1,,,0,h,MISS Watson 26' 3PT Jump Shot,Missed Shot,Jump Shot,1,3,136
0022300435,199,PT08M51.00S,2,1610612760,OKC,203995,Micić,V. Micić,0,0,0,,0,,,0,v,Micic REBOUND (Off:0 Def:1),Rebound,Unknown,1,0,137
0022300435,200,PT08M44.00S,2,1610612760,OKC,1631096,Holmgren,C. Holmgren,0,0,0,,0,,,0,v,Holmgren Bad Pass Turnover (P1.T2),Turnover,Bad Pass,1,0,138
0022300435,200,PT08M44.00S,2,1610612743,DEN,202704,Jackson,R. Jackson,0,0,0,,0,,,0,h,Jackson STEAL (1 STL),,,1,0,139
0022300435,202,PT08M33.00S,2,1610612743,DEN,201599,Jordan,D. Jordan,20,-6,2,Made,1,34,38,72,h,Jordan 2' Layup (4 PTS) (Braun 1 AST),Made Shot,Layup Shot,1,2,140
0022300435,204,PT08M22.00S,2,1610612760,OKC,1629026,Williams,K. Williams,-186,184,26,Missed,1,,,0,v,MISS K. Williams 26' 3PT Jump Shot,Missed Shot,Jump Shot,1,3,141
0022300435,205,PT08M20.00S,2,1610612743,DEN,202704,Jackson,R. Jackson,0,0,0,,0,,,0,h,Jackson REBOUND (Off:0 Def:2),Rebound,Unknown,1,0,142
0022300435,206,PT08M11.00S,2,1610612743,DEN,202704,Jackson,R. Jackson,-11,66,7,Missed,1,,,0,h,MISS Jackson 7' Driving Floating Jump Shot,Missed Shot,Driving Floating Jump Shot,1,2,143
0022300435,207,PT08M08.00S,2,1610612760,OKC,1631096,Holmgren,C. Holmgren,0,0,0,,0,,,0,v,Holmgren REBOUND (Off:2 Def:1),Rebound,Unknown,1,0,144
0022300435,208,PT08M02.00S,2,1610612760,OKC,1629026,Williams,K. Williams,-230,18,0,Missed,1,,,0,v,MISS K. Williams 3PT Jump Shot,Missed Shot,Jump Shot,1,3,145
0022300435,209,PT07M59.00S,2,1610612743,DEN,1631212,Watson,P. Watson,0,0,0,,0,,,0,h,Watson REBOUND (Off:0 Def:1),Rebound,Unknown,1,0,146
0022300435,210,PT07M37.00S,2,1610612743,DEN,202704,Jackson,R. Jackson,201,1,20,Missed,1,,,0,h,MISS Jackson 20' Step Back Jump Shot,Missed Shot,Step Back Jump shot,1,2,147
0022300435,211,PT07M33.00S,2,0,,1610612743,,,0,0,0,,0,,,0,h,NUGGETS Rebound,Rebound,Unknown,1,0,148
0022300435,213,PT07M33.00S,2,1610612743,DEN,201599,Jordan,D. Jordan,0,0,0,,0,,,0,h,SUB: Murray FOR Jordan,Substitution,,0,0,149
0022300435,214,PT07M33.00S,2,1610612743,DEN,202704,Jackson,R. Jackson,0,0,0,,0,,,0,h,SUB: Jokic FOR Jackson,Substitution,,0,0,150
0022300435,217,PT07M33.00S,2,1610612760,OKC,1631096,Holmgren,C. Holmgren,0,0,0,,0,,,0,v,SUB: Jay. Williams FOR Holmgren,Substitution,,0,0,151
0022300435,219,PT07M33.00S,2,1610612743,DEN,1629008,Porter Jr.,M. Porter Jr.,-230,-26,0,Missed,1,,,0,h,MISS Porter Jr. 3PT Jump Shot,Missed Shot,Jump Shot,1,3,152
0022300435,220,PT07M31.00S,2,1610612760,OKC,1629026,Williams,K. Williams,0,0,0,,0,,,0,v,K. Williams REBOUND (Off:0 Def:1),Rebound,Unknown,1,0,153
0022300435,221,PT07M16.00S,2,1610612760,OKC,1641717,Wallace,C. Wallace,42,139,15,Made,1,34,40,74,v,Wallace 15' Pullup Jump Shot (4 PTS) (Jay. Williams 1 AST),Made Shot,Pullup Jump shot,1,2,154
0022300435,223,PT07M01.00S,2,1610612743,DEN,1627750,Murray,J. Murray,1,-2,0,Made,1,36,40,76,h,Murray Cutting Layup Shot (2 PTS) (Jokic 4 AST),Made Shot,Cutting Layup Shot,1,2,155
0022300435,225,PT07M01.00S,2,1610612760,OKC,1629026,Williams,K. Williams,0,0,0,,0,,,0,v,K. Williams S.FOUL (P2.T2) (L.Wood),Foul,Shooting,1,0,156
0022300435,227,PT07M01.00S,2,1610612743,DEN,1631128,Braun,C. Braun,0,0,0,,0,,,0,h,SUB: Caldwell-Pope FOR Braun,Substitution,,0,0,157
0022300435,229,PT07M01.00S,2,1610612743,DEN,1627750,Murray,J. Murray,0,0,0,,0,,,0,h,MISS Murray Free Throw 1 of 1,Free Throw,Free Throw 1 of 1,1,0,158
0022300435,230,PT07M01.00S,2,1610612760,OKC,1631119,Williams,J. Williams,0,0,0,,0,,,0,v,Jay. Williams REBOUND (Off:0 Def:5),Rebound,Unknown,1,0,159
0022300435,231,PT06M52.00S,2,1610612760,OKC,203995,Micić,V. Micić,6,258,26,Missed,1,,,0,v,MISS Micic 26' 3PT Pullup Jump Shot,Missed Shot,Pullup Jump shot,1,3,160
0022300435,232,PT06M49.00S,2,1610612743,DEN,1627750,Murray,J. Murray,0,0,0,,0,,,0,h,Murray REBOUND (Off:0 Def:1),Rebound,Unknown,1,0,161
0022300435,233,PT06M41.00S,2,1610612760,OKC,1631119,Williams,J. Williams,0,0,0,,0,,,0,v,Jay. Williams P.FOUL (P1.T3) (J.Van Duyne),Foul,Personal,1,0,162
0022300435,235,PT06M36.00S,2,1610612743,DEN,1631212,Watson,P. Watson,-157,184,24,Missed,1,,,0,h,MISS Watson 24' 3PT Jump Shot,Missed Shot,Jump Shot,1,3,163
0022300435,236,PT06M33.00S,2,1610612760,OKC,1641717,Wallace,C. Wallace,0,0,0,,0,,,0,v,Wallace REBOUND (Off:0 Def:2),Rebound,Unknown,1,0,164
0022300435,237,PT06M24.00S,2,1610612760,OKC,1631119,Williams,J. Williams,-77,252,26,Missed,1,,,0,v,MISS Jay. Williams 26' 3PT Jump Shot,Missed Shot,Jump Shot,1,3,165
0022300435,238,PT06M24.00S,2,1610612743,DEN,203999,Jokić,N. Jokić,0,0,0,,0,,,0,h,Jokic REBOUND (Off:0 Def:4),Rebound,Unknown,1,0,166
0022300435,239,PT06M10.00S,2,1610612743,DEN,1627750,Murray,J. Murray,-55,130,14,Missed,1,,,0,h,MISS Murray 14' Fadeaway Jumper,Missed Shot,Fadeaway Jump Shot,1,2,167
0022300435,239,PT06M10.00S,2,1610612760,OKC,1641717,Wallace,C. Wallace,0,0,0,,0,,,0,v,Wallace BLOCK (1 BLK),,,1,2,168
0022300435,241,PT06M07.00S,2,1610612760,OKC,1631114,Williams,J. Williams,0,0,0,,0,,,0,v,Jal. Williams REBOUND (Off:1 Def:2),Rebound,Unknown,1,0,169
0022300435,242,PT06M03.00S,2,1610612760,OKC,1629026,Williams,K. Williams,0,6,1,Made,1,36,42,78,v,K. Williams 1' Running Layup (2 PTS) (Wallace 1 AST),Made Shot,Running Layup Shot,1,2,170
0022300435,244,PT05M53.00S,2,1610612743,DEN,203999,Jokić,N. Jokić,0,0,0,,0,,,0,h,Jokic Bad Pass Turnover (P2.T5),Turnover,Bad Pass,1,0,171
0022300435,244,PT05M53.00S,2,1610612760,OKC,1629026,Williams,K. Williams,0,0,0,,0,,,0,v,K. Williams STEAL (1 STL),,,1,0,172
0022300435,246,PT05M47.00S,2,1610612760,OKC,1629026,Williams,K. Williams,13,8,2,Missed,1,,,0,v,MISS K. Williams 2' Running Layup,Missed Shot,Running Layup Shot,1,2,173
0022300435,247,PT05M46.00S,2,1610612743,DEN,203999,Jokić,N. Jokić,0,0,0,,0,,,0,h,Jokic REBOUND (Off:0 Def:5),Rebound,Unknown,1,0,174
0022300435,259,PT05M42.00S,2,1610612743,DEN,203999,Jokić,N. Jokić,0,0,0,,0,,,0,h,Jokic Offensive Charge Foul (P2) (J.Van Duyne),Foul,Offensive Charge,1,0,175
0022300435,260,PT05M42.00S,2,1610612743,DEN,203999,Jokić,N. Jokić,0,0,0,,0,,,0,h,Jokic Offensive Foul Turnover (P3.T6),Turnover,Offensive Foul Turnover,1,0,176
0022300435,250,PT05M42.00S,2,0,,1610612760,,,0,0,0,,0,,,0,v,Thunder Timeout: Regular (Reg.2 Short 0),Timeout,Regular,0,0,177
0022300435,251,PT05M42.00S,2,0,,248,Lynch,G. Lynch,0,0,0,,0,36,42,78,,Instant Replay2nd Period (9:54 PM EST),Instant Replay,Coach Challenge Overturn Ruling,0,0,178
0022300435,253,PT05M42.00S,2,1610612760,OKC,1641717,Wallace,C. Wallace,0,0,0,,0,,,0,v,SUB: Gilgeous-Alexander FOR Wallace,Substitution,,0,0,179
0022300435,254,PT05M42.00S,2,1610612760,OKC,203995,Micić,V. Micić,0,0,0,,0,,,0,v,SUB: Joe FOR Micic,Substitution,,0,0,180
0022300435,283,PT05M42.00S,2,1610612760,OKC,1631114,Williams,J. Williams,0,0,0,,0,,,0,v,SUB: Dort FOR Jal. Williams,Substitution,,0,0,181
0022300435,258,PT05M21.00S,2,1610612760,OKC,1628983,Gilgeous-Alexander,S. Gilgeous-Alexander,-74,141,16,Made,1,36,44,80,v,Gilgeous-Alexander 16' Turnaround Fadeaway (14 PTS),Made Shot,Turnaround Fadeaway shot,1,2,182
0022300435,262,PT04M57.00S,2,1610612743,DEN,1631212,Watson,P. Watson,6,-6,1,Made,1,38,44,82,h,Watson 1' Alley Oop Dunk (5 PTS) (Murray 5 AST),Made Shot,Alley Oop Dunk Shot,1,2,183
0022300435,264,PT04M44.00S,2,1610612760,OKC,1628983,Gilgeous-Alexander,S. Gilgeous-Alexander,72,36,8,Made,1,38,46,84,v,Gilgeous-Alexander 8' Turnaround Fadeaway (16 PTS),Made Shot,Turnaround Fadeaway shot,1,2,184
0022300435,265,PT04M23.00S,2,1610612743,DEN,1631212,Watson,P. Watson,-224,-15,0,Missed,1,,,0,h,MISS Watson 3PT Jump Shot,Missed Shot,Jump Shot,1,3,185
0022300435,266,PT04M20.00S,2,1610612743,DEN,203999,Jokić,N. Jokić,0,0,0,,0,,,0,h,Jokic REBOUND (Off:1 Def:5),Rebound,Unknown,1,0,186
0022300435,267,PT04M19.00S,2,1610612743,DEN,203999,Jokić,N. Jokić,-127,224,26,Made,1,41,46,87,h,Jokic 26' 3PT Jump Shot (11 PTS),Made Shot,Jump Shot,1,3,187
0022300435,268,PT04M01.00S,2,1610612760,OKC,1630198,Joe,I. Joe,-180,225,29,Missed,1,,,0,v,MISS Joe 29' 3PT Jump Shot,Missed Shot,Jump Shot,1,3,188
0022300435,269,PT03M58.00S,2,0,,1610612743,,,0,0,0,,0,,,0,h,NUGGETS Rebound,Rebound,Unknown,1,0,189
0022300435,270,PT03M58.00S,2,1610612760,OKC,1631119,Williams,J. Williams,0,0,0,,0,,,0,v,Jay. Williams L.B.FOUL (P2.T4) (K.Lane),Foul,Loose Ball,1,0,190
0022300435,273,PT03M58.00S,2,1610612760,OKC,1629026,Williams,K. Williams,0,0,0,,0,,,0,v,SUB: Giddey FOR K. Williams,Substitution,,0,0,191
0022300435,276,PT03M46.00S,2,1610612743,DEN,203999,Jokić,N. Jokić,0,0,0,,0,,,0,h,Jokic Bad Pass Turnover (P4.T7),Turnover,Bad Pass,1,0,192
0022300435,276,PT03M46.00S,2,1610612760,OKC,1629652,Dort,L. Dort,0,0,0,,0,,,0,v,Dort STEAL (1 STL),,,1,0,193
0022300435,278,PT03M40.00S,2,1610612760,OKC,1629652,Dort,L. Dort,0,0,0,,0,,,0,v,Dort OFF.Foul (P2) (K.Lane),Foul,Offensive,1,0,194
0022300435,280,PT03M40.00S,2,1610612760,OKC,1629652,Dort,L. Dort,0,0,0,,0,,,0,v,Dort Offensive Foul Turnover (P1.T3),Turnover,Offensive Foul Turnover,1,0,195
0022300435,281,PT03M26.00S,2,1610612743,DEN,1627750,Murray,J. Murray,0,0,0,,0,,,0,h,Murray Bad Pass Turnover (P1.T8),Turnover,Bad Pass,1,0,196
0022300435,281,PT03M26.00S,2,1610612760,OKC,1628983,Gilgeous-Alexander,S. Gilgeous-Alexander,0,0,0,,0,,,0,v,Gilgeous-Alexander STEAL (1 STL),,,1,0,197
0022300435,284,PT03M07.00S,2,1610612760,OKC,1628983,Gilgeous-Alexander,S. Gilgeous-Alexander,-119,-3,12,Made,1,41,48,89,v,Gilgeous-Alexander 12' Turnaround Fadeaway (18 PTS) (Jay. Williams 2 AST),Made Shot,Turnaround Fadeaway shot,1,2,198
0022300435,285,PT02M57.00S,2,1610612743,DEN,203999,Jokić,N. Jokić,0,0,0,,0,,,0,h,Jokic Bad Pass Turnover (P5.T9),Turnover,Bad Pass,0,0,199
0022300435,285,PT02M57.00S,2,1610612760,OKC,1631119,Williams,J. Williams,0,0,0,,0,,,0,v,Jay. Williams STEAL (1 STL),,,0,0,200
0022300435,287,PT02M52.00S,2,1610612760,OKC,1630198,Joe,I. Joe,208,138,25,Missed,1,,,0,v,MISS Joe 25' 3PT Step Back Jump Shot,Missed Shot,Step Back Jump shot,1,3,201
0022300435,288,PT02M48.00S,2,1610612743,DEN,203999,Jokić,N. Jokić,0,0,0,,0,,,0,h,Jokic REBOUND (Off:1 Def:6),Rebound,Unknown,1,0,202
0022300435,289,PT02M37.00S,2,1610612743,DEN,1631212,Watson,P. Watson,-228,-8,0,Missed,1,,,0,h,MISS Watson 3PT Jump Shot,Missed Shot,Jump Shot,1,3,203
0022300435,290,PT02M34.00S,2,1610612760,OKC,1628983,Gilgeous-Alexander,S. Gilgeous-Alexander,0,0,0,,0,,,0,v,Gilgeous-Alexander REBOUND (Off:0 Def:2),Rebound,Unknown,1,0,204
0022300435,291,PT02M23.00S,2,1610612760,OKC,1630581,Giddey,J. Giddey,62,36,7,Made,1,41,50,91,v,Giddey 7' Driving Floating Bank Jump Shot (4 PTS),Made Shot,Driving Floating Bank Jump Shot,1,2,205
0022300435,292,PT02M09.00S,2,1610612743,DEN,1627750,Murray,J. Murray,-205,127,24,Made,1,44,50,94,h,Murray 24' 3PT Jump Shot (5 PTS) (Watson 2 AST),Made Shot,Jump Shot,1,3,206
0022300435,294,PT01M41.00S,2,0,,1610612760,,,0,0,0,,0,,,0,v,Thunder Turnover: Shot Clock (T#4),Turnover,Shot Clock Turnover,1,0,207
0022300435,295,PT01M41.00S,2,1610612760,OKC,1631119,Williams,J. Williams,0,0,0,,0,,,0,v,SUB: Holmgren FOR Jay. Williams,Substitution,,0,0,208
0022300435,297,PT01M41.00S,2,1610612760,OKC,1630198,Joe,I. Joe,0,0,0,,0,,,0,v,SUB: Jal. Williams FOR Joe,Substitution,,0,0,209
0022300435,299,PT01M26.00S,2,1610612743,DEN,203999,Jokić,N. Jokić,16,55,6,Made,1,46,50,96,h,Jokic 6' Floating Jump Shot (13 PTS) (Murray 6 AST),Made Shot,Floating Jump shot,1,2,210
0022300435,301,PT01M11.00S,2,1610612760,OKC,1628983,Gilgeous-Alexander,S. Gilgeous-Alexander,4,4,1,Missed,1,,,0,v,MISS Gilgeous-Alexander 1' Driving Finger Roll Layup,Missed Shot,Driving Finger Roll Layup Shot,1,2,211
0022300435,302,PT01M07.00S,2,1610612760,OKC,1631096,Holmgren,C. Holmgren,0,0,0,,0,,,0,v,Holmgren REBOUND (Off:3 Def:1),Rebound,Unknown,1,0,212
0022300435,303,PT01M05.00S,2,1610612760,OKC,1631114,Williams,J. Williams,-164,222,28,Missed,1,,,0,v,MISS Jal. Williams 28' 3PT Jump Shot,Missed Shot,Jump Shot,1,3,213
0022300435,304,PT01M01.00S,2,1610612743,DEN,203999,Jokić,N. Jokić,0,0,0,,0,,,0,h,Jokic REBOUND (Off:1 Def:7),Rebound,Unknown,1,0,214
0022300435,305,PT00M57.10S,2,1610612743,DEN,1629008,Porter Jr.,M. Porter Jr.,-9,248,25,Missed,1,,,0,h,MISS Porter Jr. 25' 3PT Running Pull-Up Jump Shot,Missed Shot,Running Pull-Up Jump Shot,1,3,215
0022300435,306,PT00M53.40S,2,1610612760,OKC,1628983,Gilgeous-Alexander,S. Gilgeous-Alexander,0,0,0,,0,,,0,v,Gilgeous-Alexander REBOUND (Off:0 Def:3),Rebound,Unknown,1,0,216
0022300435,307,PT00M34.10S,2,1610612760,OKC,1630581,Giddey,J. Giddey,59,120,13,Made,1,46,52,98,v,Giddey 13' Floating Jump Shot (6 PTS) (Gilgeous-Alexander 2 AST),Made Shot,Floating Jump shot,1,2,217
0022300435,309,PT00M24.80S,2,1610612743,DEN,1627750,Murray,J. Murray,-27,1,3,Missed,1,,,0,h,MISS Murray 3' Driving Finger Roll Layup,Missed Shot,Driving Finger Roll Layup Shot,1,2,218
0022300435,309,PT00M24.80S,2,1610612760,OKC,1629652,Dort,L. Dort,0,0,0,,0,,,0,v,Dort BLOCK (1 BLK),,,1,2,219
0022300435,311,PT00M22.30S,2,1610612760,OKC,1631096,Holmgren,C. Holmgren,0,0,0,,0,,,0,v,Holmgren REBOUND (Off:3 Def:2),Rebound,Unknown,1,0,220
0022300435,312,PT00M19.20S,2,1610612760,OKC,1630581,Giddey,J. Giddey,18,13,2,Made,1,46,54,100,v,Giddey 2' Running Layup (8 PTS) (Holmgren 2 AST),Made Shot,Running Layup Shot,1,2,221
0022300435,314,PT00M05.30S,2,1610612743,DEN,203999,Jokić,N. Jokić,0,43,4,Made,1,48,54,102,h,Jokic 4' Driving Hook Shot (15 PTS),Made Shot,Driving Hook Shot,1,2,222
0022300435,315,PT00M00.70S,2,1610612760,OKC,1628983,Gilgeous-Alexander,S. Gilgeous-Alexander,0,0,0,,0,,,0,v,Gilgeous-Alexander Out of Bounds - Bad Pass Turnover Turnover (P1.T5),Turnover,Out of Bounds - Bad Pass Turnover,1,0,223
0022300435,316,PT00M00.30S,2,1610612743,DEN,1631212,Watson,P. Watson,-67,676,68,Missed,1,,,0,h,MISS Watson 68' 3PT Floating Jump Shot,Missed Shot,Floating Jump shot,1,3,224
0022300435,317,PT00M00.30S,2,0,,1610612743,,,0,0,0,,0,,,0,h,NUGGETS Rebound,Rebound,Unknown,0,0,225
0022300435,318,PT00M00.00S,2,0,,0,,,0,0,0,,0,48,54,102,,End of 2nd Period (10:04 PM EST),period,end,1,0,226
0022300435,320,PT12M00.00S,3,0,,0,,,0,0,0,,0,48,54,102,,Start of 3rd Period (10:19 PM EST),period,start,0,0,227
0022300435,321,PT11M51.00S,3,1610612743,DEN,1627750,Murray,J. Murray,92,246,26,Missed,1,,,0,h,MISS Murray 26' 3PT Jump Shot,Missed Shot,Jump Shot,1,3,228
0022300435,322,PT11M48.00S,3,1610612760,OKC,1630581,Giddey,J. Giddey,0,0,0,,0,,,0,v,Giddey REBOUND (Off:0 Def:3),Rebound,Unknown,1,0,229
0022300435,323,PT11M35.00S,3,1610612760,OKC,1630581,Giddey,J. Giddey,-61,13,6,Made,1,48,56,104,v,Giddey 6' Floating Jump Shot (10 PTS) (Jal. Williams 7 AST),Made Shot,Floating Jump shot,1,2,230
0022300435,325,PT11M20.00S,3,1610612743,DEN,1629008,Porter Jr.,M. Porter Jr.,-72,64,10,Made,1,50,56,106,h,Porter Jr. 10' Cutting Layup Shot (10 PTS) (Caldwell-Pope 2 AST),Made Shot,Cutting Layup Shot,1,2,231
0022300435,327,PT11M07.00S,3,1610612760,OKC,1631096,Holmgren,C. Holmgren,65,126,14,Missed,1,,,0,v,MISS Holmgren 14' Pullup Jump Shot,Missed Shot,Pullup Jump shot,1,2,232
0022300435,328,PT11M07.00S,3,1610612743,DEN,203999,Jokić,N. Jokić,0,0,0,,0,,,0,h,Jokic REBOUND (Off:1 Def:8),Rebound,Unknown,1,0,233
0022300435,329,PT11M02.00S,3,1610612743,DEN,1631212,Watson,P. Watson,-1,1,0,Made,1,52,56,108,h,Watson Running Reverse Layup (7 PTS) (Jokic 5 AST),Made Shot,Running Reverse Layup Shot,1,2,234
0022300435,331,PT10M40.00S,3,1610612760,OKC,1631114,Williams,J. Williams,29,1,3,Missed,1,,,0,v,MISS Jal. Williams 3' Cutting Layup Shot,Missed Shot,Cutting Layup Shot,1,2,235
0022300435,331,PT10M40.00S,3,1610612743,DEN,1631212,Watson,P. Watson,0,0,0,,0,,,0,h,Watson BLOCK (2 BLK),,,1,2,236
0022300435,333,PT10M35.00S,3,1610612743,DEN,1627750,Murray,J. Murray,0,0,0,,0,,,0,h,Murray REBOUND (Off:0 Def:2),Rebound,Unknown,1,0,237
0022300435,334,PT10M32.00S,3,1610612743,DEN,203999,Jokić,N. Jokić,-1,18,2,Made,1,54,56,110,h,Jokic 2' Running Layup (17 PTS) (Murray 7 AST),Made Shot,Running Layup Shot,1,2,238
0022300435,336,PT10M07.00S,3,1610612760,OKC,1630581,Giddey,J. Giddey,12,9,2,Made,1,54,58,112,v,Giddey 2' Driving Layup (12 PTS),Made Shot,Driving Layup Shot,1,2,239
0022300435,337,PT09M58.00S,3,1610612760,OKC,1628983,Gilgeous-Alexander,S. Gilgeous-Alexander,0,0,0,,0,,,0,v,Gilgeous-Alexander P.FOUL (P1.T1) (J.Van Duyne),Foul,Personal,1,0,240
0022300435,339,PT09M47.00S,3,1610612760,OKC,1629652,Dort,L. Dort,0,0,0,,0,,,0,v,Dort P.FOUL (P3.T2) (J.Van Duyne),Foul,Personal,1,0,241
0022300435,341,PT09M40.00S,3,1610612743,DEN,203999,Jokić,N. Jokić,0,0,0,,0,,,0,h,Jokic Lost Ball Turnover (P6.T10),Turnover,Lost Ball,1,0,242
0022300435,341,PT09M40.00S,3,1610612760,OKC,1630581,Giddey,J. Giddey,0,0,0,,0,,,0,v,Giddey STEAL (1 STL),,,1,0,243
0022300435,343,PT09M36.00S,3,1610612760,OKC,1629652,Dort,L. Dort,25,11,3,Missed,1,,,0,v,MISS Dort 3' Running Layup,Missed Shot,Running Layup Shot,1,2,244
0022300435,343,PT09M36.00S,3,1610612743,DEN,1627750,Murray,J. Murray,0,0,0,,0,,,0,h,Murray BLOCK (1 BLK),,,1,2,245
0022300435,345,PT09M33.00S,3,1610612760,OKC,1630581,Giddey,J. Giddey,0,0,0,,0,,,0,v,Giddey REBOUND (Off:1 Def:3),Rebound,Unknown,1,0,246
0022300435,346,PT09M31.00S,3,1610612760,OKC,1631114,Williams,J. Williams,145,206,25,Missed,1,,,0,v,MISS Jal. Williams 25' 3PT Jump Shot,Missed Shot,Jump Shot,1,3,247
0022300435,347,PT09M27.00S,3,1610612760,OKC,1629652,Dort,L. Dort,0,0,0,,0,,,0,v,Dort REBOUND (Off:1 Def:0),Rebound,Unknown,1,0,248
0022300435,348,PT09M22.00S,3,1610612760,OKC,1631096,Holmgren,C. Holmgren,5,66,7,Made,1,54,60,114,v,Holmgren 7' Turnaround Jump Shot (19 PTS) (Giddey 2 AST),Made Shot,Turnaround Jump Shot,1,2,249
0022300435,350,PT09M05.00S,3,1610612743,DEN,203999,Jokić,N. Jokić,0,0,0,,0,,,0,h,Jokic Bad Pass Turnover (P7.T11),Turnover,Bad Pass,1,0,250
0022300435,350,PT09M05.00S,3,1610612760,OKC,1629652,Dort,L. Dort,0,0,0,,0,,,0,v,Dort STEAL (2 STL),,,1,0,251
0022300435,352,PT09M00.00S,3,1610612760,OKC,1628983,Gilgeous-Alexander,S. Gilgeous-Alexander,4,4,1,Made,1,54,62,116,v,Gilgeous-Alexander 1' Running Dunk (20 PTS) (Jal. Williams 8 AST),Made Shot,Running Dunk Shot,1,2,252
0022300435,354,PT08M59.00S,3,0,,1610612743,,,0,0,0,,0,,,0,h,NUGGETS Timeout: Regular (Full 3 Short 0),Timeout,Regular,0,0,253
0022300435,355,PT08M44.00S,3,1610612743,DEN,1627750,Murray,J. Murray,-121,232,26,Missed,1,,,0,h,MISS Murray 26' 3PT Step Back Jump Shot,Missed Shot,Step Back Jump shot,1,3,254
0022300435,356,PT08M40.00S,3,1610612760,OKC,1630581,Giddey,J. Giddey,0,0,0,,0,,,0,v,Giddey REBOUND (Off:1 Def:4),Rebound,Unknown,1,0,255
0022300435,357,PT08M35.00S,3,1610612760,OKC,1630581,Giddey,J. Giddey,-16,1,2,Missed,1,,,0,v,MISS Giddey 2' Running Finger Roll Layup,Missed Shot,Running Finger Roll Layup Shot,1,2,256
0022300435,358,PT08M34.00S,3,1610612760,OKC,1630581,Giddey,J. Giddey,0,0,0,,0,,,0,v,Giddey REBOUND (Off:2 Def:4),Rebound,Unknown,1,0,257
0022300435,359,PT08M28.00S,3,1610612760,OKC,1629652,Dort,L. Dort,10,5,1,Made,1,54,64,118,v,Dort 1' Cutting Dunk Shot (2 PTS) (Giddey 3 AST),Made Shot,Cutting Dunk Shot,1,2,258
0022300435,361,PT08M08.00S,3,1610612743,DEN,203484,Caldwell-Pope,K. Caldwell-Pope,23,27,4,Missed,1,,,0,h,MISS Caldwell-Pope 4' Driving Floating Bank Jump Shot,Missed Shot,Driving Floating Bank Jump Shot,1,2,259
0022300435,362,PT08M07.00S,3,1610612760,OKC,1630581,Giddey,J. Giddey,0,0,0,,0,,,0,v,Giddey REBOUND (Off:2 Def:5),Rebound,Unknown,1,0,260
0022300435,363,PT08M00.00S,3,1610612760,OKC,1631096,Holmgren,C. Holmgren,105,120,16,Missed,1,,,0,v,MISS Holmgren 16' Step Back Jump Shot,Missed Shot,Step Back Jump shot,1,2,261
0022300435,364,PT07M56.00S,3,1610612743,DEN,1629008,Porter Jr.,M. Porter Jr.,0,0,0,,0,,,0,h,Porter Jr. REBOUND (Off:0 Def:5),Rebound,Unknown,1,0,262
0022300435,365,PT07M51.00S,3,1610612743,DEN,1629008,Porter Jr.,M. Porter Jr.,-38,259,26,Missed,1,,,0,h,MISS Porter Jr. 26' 3PT Running Jump Shot,Missed Shot,Running Jump Shot,1,3,263
0022300435,366,PT07M47.00S,3,1610612743,DEN,203999,Jokić,N. Jokić,0,0,0,,0,,,0,h,Jokic REBOUND (Off:2 Def:8),Rebound,Unknown,1,0,264
0022300435,367,PT07M45.00S,3,1610612760,OKC,1628983,Gilgeous-Alexander,S. Gilgeous-Alexander,0,0,0,,0,,,0,v,Gilgeous-Alexander S.FOUL (P2.T3) (K.Lane),Foul,Shooting,1,0,265
0022300435,369,PT07M45.00S,3,1610612743,DEN,1629008,Porter Jr.,M. Porter Jr.,0,0,0,,0,55,64,119,h,Porter Jr. Free Throw 1 of 2 (11 PTS),Free Throw,Free Throw 1 of 2,1,0,266
0022300435,370,PT07M45.00S,3,1610612743,DEN,1629008,Porter Jr.,M. Porter Jr.,0,0,0,,0,56,64,120,h,Porter Jr. Free Throw 2 of 2 (12 PTS),Free Throw,Free Throw 2 of 2,0,0,267
0022300435,371,PT07M27.00S,3,1610612760,OKC,1628983,Gilgeous-Alexander,S. Gilgeous-Alexander,-130,-2,13,Made,1,56,66,122,v,Gilgeous-Alexander 13' Turnaround Fadeaway (22 PTS),Made Shot,Turnaround Fadeaway shot,1,2,268
0022300435,372,PT07M02.00S,3,1610612743,DEN,1631212,Watson,P. Watson,-4,8,1,Made,1,58,66,124,h,Watson 1' Cutting Dunk Shot (9 PTS) (Porter Jr. 1 AST),Made Shot,Cutting Dunk Shot,1,2,269
0022300435,374,PT06M48.00S,3,1610612743,DEN,203484,Caldwell-Pope,K. Caldwell-Pope,0,0,0,,0,,,0,h,Caldwell-Pope S.FOUL (P2.T1) (K.Lane),Foul,Shooting,1,0,270
0022300435,376,PT06M48.00S,3,1610612760,OKC,1628983,Gilgeous-Alexander,S. Gilgeous-Alexander,0,0,0,,0,58,67,125,v,Gilgeous-Alexander Free Throw 1 of 2 (23 PTS),Free Throw,Free Throw 1 of 2,1,0,271
0022300435,377,PT06M48.00S,3,1610612760,OKC,1631096,Holmgren,C. Holmgren,0,0,0,,0,,,0,v,SUB: Jay. Williams FOR Holmgren,Substitution,,0,0,272
0022300435,379,PT06M48.00S,3,1610612760,OKC,1628983,Gilgeous-Alexander,S. Gilgeous-Alexander,0,0,0,,0,58,68,126,v,Gilgeous-Alexander Free Throw 2 of 2 (24 PTS),Free Throw,Free Throw 2 of 2,1,0,273
0022300435,380,PT06M37.00S,3,1610612743,DEN,203484,Caldwell-Pope,K. Caldwell-Pope,161,188,25,Missed,1,,,0,h,MISS Caldwell-Pope 25' 3PT Jump Shot,Missed Shot,Jump Shot,1,3,274
0022300435,381,PT06M34.00S,3,1610612760,OKC,1631114,Williams,J. Williams,0,0,0,,0,,,0,v,Jal. Williams REBOUND (Off:1 Def:3),Rebound,Unknown,1,0,275
0022300435,382,PT06M26.00S,3,1610612760,OKC,1630581,Giddey,J. Giddey,0,0,0,,0,,,0,v,Giddey Bad Pass Turnover (P2.T6),Turnover,Bad Pass,1,0,276
0022300435,382,PT06M26.00S,3,1610612743,DEN,203999,Jokić,N. Jokić,0,0,0,,0,,,0,h,Jokic STEAL (1 STL),,,1,0,277
0022300435,384,PT06M21.00S,3,1610612743,DEN,1629008,Porter Jr.,M. Porter Jr.,-26,2,3,Missed,1,,,0,h,MISS Porter Jr. 3' Running Layup,Missed Shot,Running Layup Shot,1,2,278
0022300435,384,PT06M21.00S,3,1610612760,OKC,1631119,Williams,J. Williams,0,0,0,,0,,,0,v,Jay. Williams BLOCK (1 BLK),,,1,2,279
0022300435,386,PT06M19.00S,3,1610612760,OKC,1631114,Williams,J. Williams,0,0,0,,0,,,0,v,Jal. Williams REBOUND (Off:1 Def:4),Rebound,Unknown,1,0,280
0022300435,387,PT06M19.00S,3,1610612760,OKC,1631114,Williams,J. Williams,0,0,0,,0,,,0,v,Jal. Williams Bad Pass Turnover (P1.T7),Turnover,Bad Pass,1,0,281
0022300435,387,PT06M19.00S,3,1610612743,DEN,1631212,Watson,P. Watson,0,0,0,,0,,,0,h,Watson STEAL (1 STL),,,1,0,282
0022300435,389,PT06M17.00S,3,1610612743,DEN,1631212,Watson,P. Watson,0,0,0,,0,,,0,h,Watson Offensive Charge Foul (P1) (K.Lane),Foul,Offensive Charge,0,0,283
0022300435,391,PT06M17.00S,3,1610612743,DEN,1631212,Watson,P. Watson,0,0,0,,0,,,0,h,Watson Offensive Foul Turnover (P1.T12),Turnover,Offensive Foul Turnover,0,0,284
0022300435,392,PT06M04.00S,3,1610612760,OKC,1631114,Williams,J. Williams,-51,87,10,Made,1,58,70,128,v,Jal. Williams 10' Fadeaway Jumper (4 PTS),Made Shot,Fadeaway Jump Shot,1,2,285
0022300435,393,PT05M53.00S,3,1610612760,OKC,1631119,Williams,J. Williams,0,0,0,,0,,,0,v,Jay. Williams P.FOUL (P3.T4) (J.Van Duyne),Foul,Personal,1,0,286
0022300435,395,PT05M42.00S,3,1610612743,DEN,1629008,Porter Jr.,M. Porter Jr.,-20,1,2,Missed,1,,,0,h,MISS Porter Jr. 2' Driving Finger Roll Layup,Missed Shot,Driving Finger Roll Layup Shot,1,2,287
0022300435,396,PT05M41.00S,3,1610612760,OKC,1631119,Williams,J. Williams,0,0,0,,0,,,0,v,Jay. Williams REBOUND (Off:0 Def:6),Rebound,Unknown,1,0,288
0022300435,397,PT05M34.00S,3,1610612760,OKC,1628983,Gilgeous-Alexander,S. Gilgeous-Alexander,170,194,26,Made,1,58,73,131,v,Gilgeous-Alexander 26' 3PT Jump Shot (27 PTS) (Giddey 4 AST),Made Shot,Jump Shot,1,3,289
0022300435,399,PT05M33.00S,3,0,,1610612743,,,0,0,0,,0,,,0,h,NUGGETS Timeout: Regular (Full 4 Short 0),Timeout,Regular,0,0,290
0022300435,400,PT05M33.00S,3,1610612743,DEN,1629008,Porter Jr.,M. Porter Jr.,0,0,0,,0,,,0,h,SUB: Braun FOR Porter Jr.,Substitution,,0,0,291
0022300435,401,PT05M33.00S,3,1610612743,DEN,1631212,Watson,P. Watson,0,0,0,,0,,,0,h,SUB: Holiday FOR Watson,Substitution,,0,0,292
0022300435,404,PT05M16.00S,3,1610612743,DEN,203484,Caldwell-Pope,K. Caldwell-Pope,0,0,0,,0,,,0,h,Caldwell-Pope Lost Ball Turnover (P1.T13),Turnover,Lost Ball,1,0,293
0022300435,404,PT05M16.00S,3,1610612760,OKC,1629652,Dort,L. Dort,0,0,0,,0,,,0,v,Dort STEAL (3 STL),,,1,0,294
0022300435,406,PT05M10.00S,3,1610612760,OKC,1628983,Gilgeous-Alexander,S. Gilgeous-Alexander,-4,-1,0,Made,1,58,75,133,v,Gilgeous-Alexander Running Layup (29 PTS) (Jay. Williams 3 AST),Made Shot,Running Layup Shot,1,2,295
0022300435,407,PT04M59.00S,3,1610612743,DEN,1631128,Braun,C. Braun,-224,38,0,Missed,1,,,0,h,MISS Braun 3PT Jump Shot,Missed Shot,Jump Shot,1,3,296
0022300435,408,PT04M57.00S,3,1610612760,OKC,1631119,Williams,J. Williams,0,0,0,,0,,,0,v,Jay. Williams REBOUND (Off:0 Def:7),Rebound,Unknown,1,0,297
0022300435,409,PT04M45.00S,3,1610612760,OKC,1631114,Williams,J. Williams,-11,251,25,Missed,1,,,0,v,MISS Jal. Williams 25' 3PT Step Back Jump Shot,Missed Shot,Step Back Jump shot,1,3,298
0022300435,410,PT04M41.00S,3,1610612743,DEN,1631128,Braun,C. Braun,0,0,0,,0,,,0,h,Braun REBOUND (Off:0 Def:1),Rebound,Unknown,1,0,299
0022300435,411,PT04M39.00S,3,1610612760,OKC,1628983,Gilgeous-Alexander,S. Gilgeous-Alexander,0,0,0,,0,,,0,v,Gilgeous-Alexander S.FOUL (P3.PN) (K.Lane),Foul,Shooting,1,0,300
0022300435,413,PT04M39.00S,3,1610612743,DEN,1631128,Braun,C. Braun,0,0,0,,0,59,75,134,h,Braun Free Throw 1 of 2 (1 PTS),Free Throw,Free Throw 1 of 2,1,0,301
0022300435,414,PT04M39.00S,3,1610612743,DEN,203484,Caldwell-Pope,K. Caldwell-Pope,0,0,0,,0,,,0,h,SUB: Strawther FOR Caldwell-Pope,Substitution,,0,0,302
0022300435,415,PT04M39.00S,3,1610612760,OKC,1630581,Giddey,J. Giddey,0,0,0,,0,,,0,v,SUB: Joe FOR Giddey,Substitution,,0,0,303
0022300435,416,PT04M39.00S,3,1610612760,OKC,1631114,Williams,J. Williams,0,0,0,,0,,,0,v,SUB: Wiggins FOR Jal. Williams,Substitution,,0,0,304
0022300435,420,PT04M39.00S,3,1610612743,DEN,1631128,Braun,C. Braun,0,0,0,,0,60,75,135,h,Braun Free Throw 2 of 2 (2 PTS),Free Throw,Free Throw 2 of 2,1,0,305
0022300435,421,PT04M20.00S,3,1610612760,OKC,1630198,Joe,I. Joe,135,226,26,Made,1,60,78,138,v,Joe 26' 3PT Jump Shot (3 PTS) (Dort 1 AST),Made Shot,Jump Shot,1,3,306
0022300435,423,PT04M09.00S,3,1610612743,DEN,1631128,Braun,C. Braun,0,0,0,,0,,,0,h,Braun Traveling Turnover (P1.T14),Turnover,Traveling,1,0,307
0022300435,424,PT03M52.00S,3,1610612760,OKC,1630198,Joe,I. Joe,-125,130,18,Made,1,60,80,140,v,Joe 18' Pullup Jump Shot (5 PTS) (Jay. Williams 4 AST),Made Shot,Pullup Jump shot,1,2,308
0022300435,426,PT03M41.00S,3,1610612743,DEN,1627750,Murray,J. Murray,45,126,13,Made,1,62,80,142,h,Murray 13' Pullup Jump Shot (7 PTS),Made Shot,Pullup Jump shot,1,2,309
0022300435,427,PT03M27.00S,3,1610612760,OKC,1628983,Gilgeous-Alexander,S. Gilgeous-Alexander,107,99,15,Missed,1,,,0,v,MISS Gilgeous-Alexander 15' Pullup Jump Shot,Missed Shot,Pullup Jump shot,1,2,310
0022300435,428,PT03M23.00S,3,1610612743,DEN,1631128,Braun,C. Braun,0,0,0,,0,,,0,h,Braun REBOUND (Off:0 Def:2),Rebound,Unknown,1,0,311
0022300435,429,PT03M19.00S,3,1610612743,DEN,1627750,Murray,J. Murray,-142,215,26,Missed,1,,,0,h,MISS Murray 26' 3PT Running Pull-Up Jump Shot,Missed Shot,Running Pull-Up Jump Shot,1,3,312
0022300435,430,PT03M17.00S,3,1610612760,OKC,1630598,Wiggins,A. Wiggins,0,0,0,,0,,,0,v,Wiggins REBOUND (Off:1 Def:1),Rebound,Unknown,1,0,313
0022300435,431,PT03M06.00S,3,1610612743,DEN,203200,Holiday,J. Holiday,0,0,0,,0,,,0,h,Holiday S.FOUL (P1.T2) (K.Lane),Foul,Shooting,1,0,314
0022300435,433,PT03M06.00S,3,1610612760,OKC,1628983,Gilgeous-Alexander,S. Gilgeous-Alexander,0,0,0,,0,62,81,143,v,Gilgeous-Alexander Free Throw 1 of 2 (30 PTS),Free Throw,Free Throw 1 of 2,1,0,315
0022300435,434,PT03M06.00S,3,1610612743,DEN,1627750,Murray,J. Murray,0,0,0,,0,,,0,h,SUB: Jackson FOR Murray,Substitution,,0,0,316
0022300435,435,PT03M06.00S,3,1610612760,OKC,1629652,Dort,L. Dort,0,0,0,,0,,,0,v,SUB: Wallace FOR Dort,Substitution,,0,0,317
0022300435,438,PT03M06.00S,3,1610612760,OKC,1628983,Gilgeous-Alexander,S. Gilgeous-Alexander,0,0,0,,0,62,82,144,v,Gilgeous-Alexander Free Throw 2 of 2 (31 PTS),Free Throw,Free Throw 2 of 2,0,0,318
0022300435,440,PT02M48.00S,3,1610612743,DEN,202704,Jackson,R. Jackson,-225,22,0,Missed,1,,,0,h,MISS Jackson 3PT Jump Shot,Missed Shot,Jump Shot,1,3,319
0022300435,441,PT02M44.00S,3,1610612760,OKC,1630598,Wiggins,A. Wiggins,0,0,0,,0,,,0,v,Wiggins REBOUND (Off:1 Def:2),Rebound,Unknown,1,0,320
0022300435,442,PT02M36.00S,3,1610612760,OKC,1628983,Gilgeous-Alexander,S. Gilgeous-Alexander,123,21,12,Made,1,62,84,146,v,Gilgeous-Alexander 12' Pullup Jump Shot (33 PTS),Made Shot,Pullup Jump shot,1,2,321
0022300435,443,PT02M28.00S,3,1610612760,OKC,1630598,Wiggins,A. Wiggins,0,0,0,,0,,,0,v,Wiggins P.FOUL (P1.PN) (K.Lane),Foul,Personal,1,0,322
0022300435,445,PT02M28.00S,3,1610612743,DEN,1631124,Strawther,J. Strawther,0,0,0,,0,63,84,147,h,Strawther Free Throw 1 of 2 (6 PTS),Free Throw,Free Throw 1 of 2,1,0,323
0022300435,446,PT02M28.00S,3,1610612743,DEN,203999,Jokić,N. Jokić,0,0,0,,0,,,0,h,SUB: Jordan FOR Jokic,Substitution,,0,0,324
0022300435,447,PT02M28.00S,3,1610612760,OKC,1631119,Williams,J. Williams,0,0,0,,0,,,0,v,SUB: Holmgren FOR Jay. Williams,Substitution,,0,0,325
0022300435,450,PT02M28.00S,3,1610612743,DEN,1631124,Strawther,J. Strawther,0,0,0,,0,64,84,148,h,Strawther Free Throw 2 of 2 (7 PTS),Free Throw,Free Throw 2 of 2,1,0,326
0022300435,451,PT02M19.00S,3,1610612760,OKC,1630198,Joe,I. Joe,-188,161,25,Missed,1,,,0,v,MISS Joe 25' 3PT Jump Shot,Missed Shot,Jump Shot,1,3,327
0022300435,452,PT02M15.00S,3,1610612743,DEN,201599,Jordan,D. Jordan,0,0,0,,0,,,0,h,Jordan REBOUND (Off:1 Def:3),Rebound,Unknown,1,0,328
0022300435,453,PT02M10.00S,3,1610612743,DEN,1631124,Strawther,J. Strawther,0,0,0,,0,,,0,h,Strawther Lost Ball Turnover (P3.T15),Turnover,Lost Ball,1,0,329
0022300435,453,PT02M10.00S,3,1610612760,OKC,1628983,Gilgeous-Alexander,S. Gilgeous-Alexander,0,0,0,,0,,,0,v,Gilgeous-Alexander STEAL (2 STL),,,1,0,330
0022300435,455,PT02M06.00S,3,1610612760,OKC,1628983,Gilgeous-Alexander,S. Gilgeous-Alexander,10,-6,1,Made,1,64,86,150,v,Gilgeous-Alexander 1' Running Dunk (35 PTS) (Wallace 2 AST),Made Shot,Running Dunk Shot,1,2,331
0022300435,457,PT01M47.00S,3,1610612743,DEN,1631124,Strawther,J. Strawther,-93,100,14,Made,1,66,86,152,h,Strawther 14' Driving Floating Jump Shot (9 PTS) (Holiday 1 AST),Made Shot,Driving Floating Jump Shot,1,2,332
0022300435,459,PT01M27.00S,3,1610612760,OKC,1630198,Joe,I. Joe,179,177,25,Missed,1,,,0,v,MISS Joe 25' 3PT Jump Shot,Missed Shot,Jump Shot,1,3,333
0022300435,460,PT01M20.00S,3,1610612760,OKC,1630598,Wiggins,A. Wiggins,0,0,0,,0,,,0,v,Wiggins REBOUND (Off:2 Def:2),Rebound,Unknown,1,0,334
0022300435,461,PT01M20.00S,3,1610612760,OKC,1630598,Wiggins,A. Wiggins,0,0,0,Missed,1,,,0,v,MISS Wiggins Tip Layup Shot,Missed Shot,Tip Layup Shot,1,2,335
0022300435,462,PT01M20.00S,3,1610612743,DEN,201599,Jordan,D. Jordan,0,0,0,,0,,,0,h,Jordan REBOUND (Off:1 Def:4),Rebound,Unknown,1,0,336
0022300435,463,PT01M16.00S,3,1610612743,DEN,1631124,Strawther,J. Strawther,210,133,25,Missed,1,,,0,h,MISS Strawther 25' 3PT Jump Shot,Missed Shot,Jump Shot,1,3,337
0022300435,464,PT01M12.00S,3,1610612760,OKC,1631096,Holmgren,C. Holmgren,0,0,0,,0,,,0,v,Holmgren REBOUND (Off:3 Def:3),Rebound,Unknown,1,0,338
0022300435,465,PT01M06.00S,3,1610612760,OKC,1630598,Wiggins,A. Wiggins,4,1,0,Made,1,66,88,154,v,Wiggins Reverse Layup (5 PTS) (Holmgren 3 AST),Made Shot,Reverse Layup Shot,1,2,339
0022300435,467,PT01M06.00S,3,0,,1610612743,,,0,0,0,,0,,,0,h,NUGGETS Timeout: Regular (Full 5 Short 0),Timeout,Regular,0,0,340
0022300435,468,PT00M50.10S,3,1610612743,DEN,1631124,Strawther,J. Strawther,-87,262,28,Missed,1,,,0,h,MISS Strawther 28' 3PT Jump Shot,Missed Shot,Jump Shot,1,3,341
0022300435,469,PT00M47.40S,3,1610612760,OKC,1641717,Wallace,C. Wallace,0,0,0,,0,,,0,v,Wallace REBOUND (Off:0 Def:3),Rebound,Unknown,1,0,342
0022300435,471,PT00M31.10S,3,1610612760,OKC,1630598,Wiggins,A. Wiggins,6,43,4,Missed,1,,,0,v,MISS Wiggins 4' Floating Jump Shot,Missed Shot,Floating Jump shot,1,2,343
0022300435,472,PT00M31.10S,3,0,,1610612760,,,0,0,0,,0,,,0,v,Thunder Rebound,Rebound,Unknown,0,0,344
0022300435,473,PT00M31.10S,3,1610612760,OKC,1630598,Wiggins,A. Wiggins,0,0,0,,0,,,0,v,Wiggins Traveling Turnover (P1.T8),Turnover,Traveling,1,0,345
0022300435,474,PT00M13.20S,3,1610612743,DEN,202704,Jackson,R. Jackson,-130,163,21,Missed,1,,,0,h,MISS Jackson 21' Jump Shot,Missed Shot,Jump Shot,1,2,346
0022300435,475,PT00M10.40S,3,1610612743,DEN,201599,Jordan,D. Jordan,0,0,0,,0,,,0,h,Jordan REBOUND (Off:3 Def:4),Rebound,Unknown,1,0,347
0022300435,476,PT00M10.40S,3,1610612743,DEN,201599,Jordan,D. Jordan,0,0,0,Missed,1,,,0,h,MISS Jordan Tip Layup Shot,Missed Shot,Tip Layup Shot,1,2,348
0022300435,477,PT00M10.40S,3,1610612743,DEN,201599,Jordan,D. Jordan,0,0,0,,0,,,0,h,Jordan REBOUND (Off:3 Def:4),Rebound,Unknown,1,0,349
0022300435,478,PT00M07.70S,3,1610612743,DEN,201599,Jordan,D. Jordan,0,0,0,Made,1,68,88,156,h,Jordan Tip Dunk Shot (6 PTS),Made Shot,Tip Dunk Shot,1,2,350
0022300435,479,PT00M00.60S,3,1610612760,OKC,1641717,Wallace,C. Wallace,240,3,24,Missed,1,,,0,v,MISS Wallace 24' 3PT Jump Shot,Missed Shot,Jump Shot,1,3,351
0022300435,480,PT00M00.60S,3,0,,1610612760,,,0,0,0,,0,,,0,v,Thunder Rebound,Rebound,Unknown,1,0,352
0022300435,481,PT00M00.00S,3,0,,0,,,0,0,0,,0,68,88,156,,End of 3rd Period (10:45 PM EST),period,end,1,0,353
0022300435,492,PT12M00.00S,4,0,,0,,,0,0,0,,0,68,88,156,,Start of 4th Period (10:48 PM EST),period,start,0,0,354
0022300435,493,PT11M39.00S,4,1610612760,OKC,1629026,Williams,K. Williams,-110,152,19,Missed,1,,,0,v,MISS K. Williams 19' Pullup Jump Shot,Missed Shot,Pullup Jump shot,1,2,355
0022300435,494,PT11M35.00S,4,1610612743,DEN,1631212,Watson,P. Watson,0,0,0,,0,,,0,h,Watson REBOUND (Off:0 Def:2),Rebound,Unknown,1,0,356
0022300435,495,PT11M16.00S,4,1610612743,DEN,1631212,Watson,P. Watson,232,34,0,Made,1,71,88,159,h,Watson 3PT Jump Shot (12 PTS) (Jackson 3 AST),Made Shot,Jump Shot,1,3,357
0022300435,497,PT10M49.00S,4,1610612760,OKC,203995,Micić,V. Micić,82,131,15,Made,1,71,90,161,v,Micic 15' Pullup Jump Shot (2 PTS),Made Shot,Pullup Jump shot,1,2,358
0022300435,498,PT10M26.00S,4,1610612743,DEN,1631128,Braun,C. Braun,4,54,5,Missed,1,,,0,h,MISS Braun 5' Jump Shot,Missed Shot,Jump Shot,1,2,359
0022300435,498,PT10M26.00S,4,1610612760,OKC,203995,Micić,V. Micić,0,0,0,,0,,,0,v,Micic BLOCK (1 BLK),,,1,2,360
0022300435,499,PT10M26.00S,4,0,,1610612760,,,0,0,0,,0,,,0,v,Thunder Rebound,Rebound,Unknown,0,0,361
0022300435,501,PT10M11.00S,4,1610612760,OKC,203995,Micić,V. Micić,-112,235,26,Missed,1,,,0,v,MISS Micic 26' 3PT Jump Shot,Missed Shot,Jump Shot,1,3,362
0022300435,502,PT10M07.00S,4,1610612743,DEN,201599,Jordan,D. Jordan,0,0,0,,0,,,0,h,Jordan REBOUND (Off:3 Def:5),Rebound,Unknown,1,0,363
0022300435,503,PT10M03.00S,4,1610612760,OKC,203995,Micić,V. Micić,0,0,0,,0,,,0,v,Micic S.FOUL (P1.T1) (J.Van Duyne),Foul,Shooting,1,0,364
0022300435,505,PT10M03.00S,4,1610612743,DEN,1631128,Braun,C. Braun,0,0,0,,0,72,90,162,h,Braun Free Throw 1 of 2 (3 PTS),Free Throw,Free Throw 1 of 2,1,0,365
0022300435,506,PT10M03.00S,4,1610612760,OKC,1641717,Wallace,C. Wallace,0,0,0,,0,,,0,v,SUB: Dort FOR Wallace,Substitution,,0,0,366
0022300435,508,PT10M03.00S,4,1610612743,DEN,1631128,Braun,C. Braun,0,0,0,,0,73,90,163,h,Braun Free Throw 2 of 2 (4 PTS),Free Throw,Free Throw 2 of 2,1,0,367
0022300435,509,PT09M48.00S,4,1610612760,OKC,1631096,Holmgren,C. Holmgren,0,0,0,,0,,,0,v,Holmgren Bad Pass Turnover (P2.T9),Turnover,Bad Pass,1,0,368
0022300435,509,PT09M48.00S,4,1610612743,DEN,201599,Jordan,D. Jordan,0,0,0,,0,,,0,h,Jordan STEAL (1 STL),,,1,0,369
0022300435,511,PT09M39.00S,4,1610612743,DEN,202704,Jackson,R. Jackson,-38,81,9,Made,1,75,90,165,h,Jackson 9' Driving Floating Jump Shot (2 PTS),Made Shot,Driving Floating Jump Shot,1,2,370
0022300435,512,PT09M26.00S,4,1610612743,DEN,1631212,Watson,P. Watson,0,0,0,,0,,,0,h,Watson P.FOUL (P2.T1) (J.Van Duyne),Foul,Personal,1,0,371
0022300435,514,PT09M26.00S,4,0,,1610612743,,,0,0,0,,0,,,0,h,NUGGETS Timeout: Regular (Full 6 Short 0),Timeout,Regular,0,0,372
0022300435,515,PT09M26.00S,4,0,,512,,,0,0,0,,0,75,90,165,,Instant Replay4th Period (10:52 PM EST),Instant Replay,Coach Challenge Ruling Stands,0,0,373
0022300435,517,PT09M21.00S,4,1610612743,DEN,1631212,Watson,P. Watson,0,0,0,,0,,,0,h,Watson S.FOUL (P3.T2) (L.Wood),Foul,Shooting,1,0,374
0022300435,519,PT09M21.00S,4,1610612760,OKC,1631114,Williams,J. Williams,0,0,0,,0,75,91,166,v,Jal. Williams Free Throw 1 of 2 (5 PTS),Free Throw,Free Throw 1 of 2,1,0,375
0022300435,520,PT09M21.00S,4,1610612760,OKC,1631114,Williams,J. Williams,0,0,0,,0,,,0,v,MISS Jal. Williams Free Throw 2 of 2,Free Throw,Free Throw 2 of 2,0,0,376
0022300435,521,PT09M18.00S,4,1610612743,DEN,1627750,Murray,J. Murray,0,0,0,,0,,,0,h,Murray REBOUND (Off:0 Def:3),Rebound,Unknown,1,0,377
0022300435,522,PT09M01.00S,4,1610612743,DEN,1627750,Murray,J. Murray,-16,55,6,Missed,1,,,0,h,MISS Murray 6' Jump Shot,Missed Shot,Jump Shot,1,2,378
0022300435,522,PT09M01.00S,4,1610612760,OKC,1631096,Holmgren,C. Holmgren,0,0,0,,0,,,0,v,Holmgren BLOCK (2 BLK),,,1,2,379
0022300435,524,PT08M58.00S,4,1610612760,OKC,1629652,Dort,L. Dort,0,0,0,,0,,,0,v,Dort REBOUND (Off:1 Def:1),Rebound,Unknown,1,0,380
0022300435,525,PT08M53.00S,4,1610612760,OKC,1629652,Dort,L. Dort,23,41,5,Made,1,75,93,168,v,Dort 5' Running Layup (4 PTS),Made Shot,Running Layup Shot,1,2,381
0022300435,526,PT08M43.00S,4,1610612743,DEN,202704,Jackson,R. Jackson,163,191,25,Made,1,78,93,171,h,Jackson 25' 3PT Jump Shot (5 PTS) (Murray 8 AST),Made Shot,Jump Shot,1,3,382
0022300435,528,PT08M26.00S,4,1610612760,OKC,1629026,Williams,K. Williams,-206,130,24,Made,1,78,96,174,v,K. Williams 24' 3PT Jump Shot (5 PTS) (Jal. Williams 9 AST),Made Shot,Jump Shot,1,3,383
0022300435,530,PT08M04.00S,4,1610612743,DEN,1631128,Braun,C. Braun,-195,153,25,Missed,1,,,0,h,MISS Braun 25' 3PT Jump Shot,Missed Shot,Jump Shot,1,3,384
0022300435,531,PT08M00.00S,4,1610612760,OKC,1629652,Dort,L. Dort,0,0,0,,0,,,0,v,Dort REBOUND (Off:1 Def:2),Rebound,Unknown,1,0,385
0022300435,532,PT07M53.00S,4,1610612760,OKC,1631114,Williams,J. Williams,-97,224,24,Made,1,78,99,177,v,Jal. Williams 24' 3PT Jump Shot (8 PTS) (Micic 1 AST),Made Shot,Jump Shot,1,3,386
0022300435,534,PT07M34.00S,4,1610612743,DEN,1627750,Murray,J. Murray,-21,25,3,Missed,1,,,0,h,MISS Murray 3' Cutting Layup Shot,Missed Shot,Cutting Layup Shot,1,2,387
0022300435,535,PT07M32.00S,4,1610612760,OKC,1631114,Williams,J. Williams,0,0,0,,0,,,0,v,Jal. Williams REBOUND (Off:1 Def:5),Rebound,Unknown,1,0,388
0022300435,536,PT07M30.00S,4,1610612760,OKC,203995,Micić,V. Micić,-199,147,25,Missed,1,,,0,v,MISS Micic 25' 3PT Running Jump Shot,Missed Shot,Running Jump Shot,1,3,389
0022300435,537,PT07M30.00S,4,1610612743,DEN,1631128,Braun,C. Braun,0,0,0,,0,,,0,h,Braun REBOUND (Off:0 Def:3),Rebound,Unknown,1,0,390
0022300435,538,PT07M21.00S,4,1610612743,DEN,201599,Jordan,D. Jordan,0,0,0,,0,,,0,h,Jordan Lost Ball Turnover (P1.T16),Turnover,Lost Ball,1,0,391
0022300435,538,PT07M21.00S,4,1610612760,OKC,1631114,Williams,J. Williams,0,0,0,,0,,,0,v,Jal. Williams STEAL (1 STL),,,1,0,392
0022300435,540,PT07M18.00S,4,1610612760,OKC,1631114,Williams,J. Williams,0,0,0,,0,,,0,v,Jal. Williams Out of Bounds - Bad Pass Turnover Turnover (P2.T10),Turnover,Out of Bounds - Bad Pass Turnover,1,0,393
0022300435,541,PT07M18.00S,4,1610612743,DEN,1631128,Braun,C. Braun,0,0,0,,0,,,0,h,SUB: Jokic FOR Braun,Substitution,,0,0,394
0022300435,542,PT07M18.00S,4,1610612743,DEN,201599,Jordan,D. Jordan,0,0,0,,0,,,0,h,SUB: Porter Jr. FOR Jordan,Substitution,,0,0,395
0022300435,543,PT07M18.00S,4,1610612760,OKC,1631096,Holmgren,C. Holmgren,0,0,0,,0,,,0,v,SUB: Jay. Williams FOR Holmgren,Substitution,,0,0,396
0022300435,544,PT07M18.00S,4,1610612760,OKC,203995,Micić,V. Micić,0,0,0,,0,,,0,v,SUB: Wallace FOR Micic,Substitution,,0,0,397
0022300435,549,PT07M09.00S,4,1610612743,DEN,1627750,Murray,J. Murray,-56,189,20,Made,1,80,99,179,h,Murray 20' Pullup Jump Shot (9 PTS) (Jokic 6 AST),Made Shot,Pullup Jump shot,1,2,398
0022300435,551,PT06M49.00S,4,1610612760,OKC,1631114,Williams,J. Williams,-136,204,25,Made,1,80,102,182,v,Jal. Williams 25' 3PT Step Back Jump Shot (11 PTS),Made Shot,Step Back Jump shot,1,3,399
0022300435,552,PT06M29.00S,4,1610612743,DEN,1631212,Watson,P. Watson,-2,26,3,Missed,1,,,0,h,MISS Watson 3' Driving Dunk,Missed Shot,Driving Dunk Shot,1,2,400
0022300435,553,PT06M27.00S,4,1610612760,OKC,1631119,Williams,J. Williams,0,0,0,,0,,,0,v,Jay. Williams REBOUND (Off:0 Def:8),Rebound,Unknown,1,0,401
0022300435,556,PT06M25.00S,4,1610612760,OKC,1631114,Williams,J. Williams,0,0,0,,0,,,0,v,Jal. Williams Offensive Charge Foul (P2) (J.Van Duyne),Foul,Offensive Charge,1,0,402
0022300435,558,PT06M25.00S,4,1610612760,OKC,1631114,Williams,J. Williams,0,0,0,,0,,,0,v,Jal. Williams Offensive Foul Turnover (P3.T11),Turnover,Offensive Foul Turnover,1,0,403
0022300435,559,PT06M25.00S,4,1610612760,OKC,1631114,Williams,J. Williams,0,0,0,,0,,,0,v,SUB: Gilgeous-Alexander FOR Jal. Williams,Substitution,,0,0,404
0022300435,561,PT06M17.00S,4,1610612743,DEN,202704,Jackson,R. Jackson,170,202,26,Made,1,83,102,185,h,Jackson 26' 3PT Jump Shot (8 PTS) (Murray 9 AST),Made Shot,Jump Shot,1,3,405
0022300435,563,PT05M56.00S,4,1610612760,OKC,1629652,Dort,L. Dort,17,261,26,Missed,1,,,0,v,MISS Dort 26' 3PT Jump Shot,Missed Shot,Jump Shot,1,3,406
0022300435,564,PT05M53.00S,4,1610612760,OKC,1629026,Williams,K. Williams,0,0,0,,0,,,0,v,K. Williams REBOUND (Off:1 Def:1),Rebound,Unknown,1,0,407
0022300435,565,PT05M43.00S,4,1610612760,OKC,1628983,Gilgeous-Alexander,S. Gilgeous-Alexander,-119,216,25,Missed,1,,,0,v,MISS Gilgeous-Alexander 25' 3PT Step Back Jump Shot,Missed Shot,Step Back Jump shot,1,3,408
0022300435,566,PT05M39.00S,4,0,,1610612743,,,0,0,0,,0,,,0,h,NUGGETS Rebound,Rebound,Unknown,1,0,409
0022300435,568,PT05M39.00S,4,1610612743,DEN,202704,Jackson,R. Jackson,0,0,0,,0,,,0,h,SUB: Caldwell-Pope FOR Jackson,Substitution,,0,0,410
0022300435,570,PT05M27.00S,4,1610612743,DEN,1631212,Watson,P. Watson,-2,4,0,Made,1,85,102,187,h,Watson Cutting Dunk Shot (14 PTS) (Murray 10 AST),Made Shot,Cutting Dunk Shot,1,2,411
0022300435,572,PT05M16.00S,4,1610612743,DEN,1631212,Watson,P. Watson,0,0,0,,0,,,0,h,Watson P.FOUL (P4.T3) (K.Lane),Foul,Personal,1,0,412
0022300435,574,PT05M16.00S,4,1610612760,OKC,1629026,Williams,K. Williams,0,0,0,,0,,,0,v,SUB: Giddey FOR K. Williams,Substitution,,0,0,413
0022300435,576,PT05M16.00S,4,0,,1610612760,,,0,0,0,,0,,,0,v,Thunder Timeout: Regular (Reg.3 Short 0),Timeout,Regular,0,0,414
0022300435,577,PT05M16.00S,4,1610612760,OKC,1631119,Williams,J. Williams,0,0,0,,0,,,0,v,SUB: Holmgren FOR Jay. Williams,Substitution,,0,0,415
0022300435,578,PT05M16.00S,4,1610612760,OKC,1641717,Wallace,C. Wallace,0,0,0,,0,,,0,v,SUB: Jal. Williams FOR Wallace,Substitution,,0,0,416
0022300435,581,PT05M10.00S,4,1610612760,OKC,1630581,Giddey,J. Giddey,0,0,0,,0,,,0,v,Giddey Bad Pass Turnover (P3.T12),Turnover,Bad Pass,1,0,417
0022300435,581,PT05M10.00S,4,1610612743,DEN,1627750,Murray,J. Murray,0,0,0,,0,,,0,h,Murray STEAL (1 STL),,,1,0,418
0022300435,583,PT04M59.00S,4,1610612743,DEN,1627750,Murray,J. Murray,0,0,0,,0,,,0,h,Murray Lost Ball Turnover (P2.T17),Turnover,Lost Ball,1,0,419
0022300435,583,PT04M59.00S,4,1610612760,OKC,1631114,Williams,J. Williams,0,0,0,,0,,,0,v,Jal. Williams STEAL (2 STL),,,1,0,420
0022300435,586,PT04M47.00S,4,1610612760,OKC,1628983,Gilgeous-Alexander,S. Gilgeous-Alexander,121,17,12,Made,1,85,104,189,v,Gilgeous-Alexander 12' Fadeaway Jumper (37 PTS),Made Shot,Fadeaway Jump Shot,1,2,421
0022300435,587,PT04M30.00S,4,1610612743,DEN,203484,Caldwell-Pope,K. Caldwell-Pope,-11,101,10,Made,1,87,104,191,h,Caldwell-Pope 10' Driving Floating Bank Jump Shot (8 PTS) (Jokic 7 AST),Made Shot,Driving Floating Bank Jump Shot,1,2,422
0022300435,589,PT04M30.00S,4,1610612760,OKC,1630581,Giddey,J. Giddey,0,0,0,,0,,,0,v,Giddey S.FOUL (P1.T2) (K.Lane),Foul,Shooting,1,0,423
0022300435,591,PT04M30.00S,4,1610612743,DEN,203484,Caldwell-Pope,K. Caldwell-Pope,0,0,0,,0,,,0,h,MISS Caldwell-Pope Free Throw 1 of 1,Free Throw,Free Throw 1 of 1,1,0,424
0022300435,592,PT04M23.00S,4,1610612760,OKC,1631114,Williams,J. Williams,0,0,0,,0,,,0,v,Jal. Williams REBOUND (Off:1 Def:6),Rebound,Unknown,1,0,425
0022300435,593,PT04M14.00S,4,1610612760,OKC,1631096,Holmgren,C. Holmgren,-76,251,26,Made,1,87,107,194,v,Holmgren 26' 3PT Jump Shot (22 PTS) (Gilgeous-Alexander 3 AST),Made Shot,Jump Shot,1,3,426
0022300435,595,PT04M01.00S,4,1610612743,DEN,203999,Jokić,N. Jokić,-10,8,1,Made,1,89,107,196,h,Jokic 1' Cutting Layup Shot (19 PTS) (Murray 11 AST),Made Shot,Cutting Layup Shot,1,2,427
0022300435,597,PT03M44.00S,4,1610612760,OKC,1631096,Holmgren,C. Holmgren,51,99,11,Missed,1,,,0,v,MISS Holmgren 11' Turnaround Jump Shot,Missed Shot,Turnaround Jump Shot,1,2,428
0022300435,598,PT03M41.00S,4,1610612743,DEN,1629008,Porter Jr.,M. Porter Jr.,0,0,0,,0,,,0,h,Porter Jr. REBOUND (Off:0 Def:6),Rebound,Unknown,1,0,429
0022300435,599,PT03M34.00S,4,1610612743,DEN,1627750,Murray,J. Murray,-26,164,17,Missed,1,,,0,h,MISS Murray 17' Pullup Jump Shot,Missed Shot,Pullup Jump shot,1,2,430
0022300435,600,PT03M30.00S,4,1610612760,OKC,1629652,Dort,L. Dort,0,0,0,,0,,,0,v,Dort REBOUND (Off:1 Def:3),Rebound,Unknown,1,0,431
0022300435,601,PT03M24.00S,4,1610612743,DEN,203484,Caldwell-Pope,K. Caldwell-Pope,0,0,0,,0,,,0,h,Caldwell-Pope S.FOUL (P3.T4) (L.Wood),Foul,Shooting,1,0,432
0022300435,603,PT03M24.00S,4,1610612760,OKC,1631096,Holmgren,C. Holmgren,0,0,0,,0,89,108,197,v,Holmgren Free Throw 1 of 2 (23 PTS),Free Throw,Free Throw 1 of 2,1,0,433
0022300435,604,PT03M24.00S,4,1610612743,DEN,1629008,Porter Jr.,M. Porter Jr.,0,0,0,,0,,,0,h,SUB: Key FOR Porter Jr.,Substitution,,0,0,434
0022300435,605,PT03M24.00S,4,1610612743,DEN,203484,Caldwell-Pope,K. Caldwell-Pope,0,0,0,,0,,,0,h,SUB: Pickett FOR Caldwell-Pope,Substitution,,0,0,435
0022300435,606,PT03M24.00S,4,1610612743,DEN,1631212,Watson,P. Watson,0,0,0,,0,,,0,h,SUB: Nnaji FOR Watson,Substitution,,0,0,436
0022300435,607,PT03M24.00S,4,1610612743,DEN,203999,Jokić,N. Jokić,0,0,0,,0,,,0,h,SUB: Holiday FOR Jokic,Substitution,,0,0,437
0022300435,608,PT03M24.00S,4,1610612743,DEN,1627750,Murray,J. Murray,0,0,0,,0,,,0,h,SUB: Strawther FOR Murray,Substitution,,0,0,438
0022300435,614,PT03M24.00S,4,1610612760,OKC,1631096,Holmgren,C. Holmgren,0,0,0,,0,89,109,198,v,Holmgren Free Throw 2 of 2 (24 PTS),Free Throw,Free Throw 2 of 2,1,0,439
0022300435,615,PT03M06.00S,4,1610612743,DEN,1630192,Nnaji,Z. Nnaji,6,38,4,Missed,1,,,0,h,MISS Nnaji 4' Cutting Layup Shot,Missed Shot,Cutting Layup Shot,1,2,440
0022300435,616,PT03M04.00S,4,1610612760,OKC,1628983,Gilgeous-Alexander,S. Gilgeous-Alexander,0,0,0,,0,,,0,v,Gilgeous-Alexander REBOUND (Off:0 Def:4),Rebound,Unknown,1,0,441
0022300435,617,PT02M59.00S,4,1610612760,OKC,1628983,Gilgeous-Alexander,S. Gilgeous-Alexander,-136,208,25,Made,1,89,112,201,v,Gilgeous-Alexander 25' 3PT Running Pull-Up Jump Shot (40 PTS),Made Shot,Running Pull-Up Jump Shot,1,3,442
0022300435,618,PT02M44.00S,4,1610612743,DEN,1630296,Key,B. Key,-34,6,3,Missed,1,,,0,h,MISS Key 3' Driving Layup,Missed Shot,Driving Layup Shot,1,2,443
0022300435,618,PT02M44.00S,4,1610612760,OKC,1628983,Gilgeous-Alexander,S. Gilgeous-Alexander,0,0,0,,0,,,0,v,Gilgeous-Alexander BLOCK (1 BLK),,,1,2,444
0022300435,620,PT02M44.00S,4,1610612760,OKC,1630581,Giddey,J. Giddey,0,0,0,,0,,,0,v,Giddey REBOUND (Off:2 Def:6),Rebound,Unknown,1,0,445
0022300435,621,PT02M44.00S,4,0,,1610612760,,,0,0,0,,0,,,0,v,Thunder Timeout: Regular (Reg.4 Short 0),Timeout,Regular,0,0,446
0022300435,622,PT02M44.00S,4,1610612760,OKC,1628983,Gilgeous-Alexander,S. Gilgeous-Alexander,0,0,0,,0,,,0,v,SUB: Waters III FOR Gilgeous-Alexander,Substitution,,0,0,447
0022300435,623,PT02M44.00S,4,1610612760,OKC,1630581,Giddey,J. Giddey,0,0,0,,0,,,0,v,SUB: Micic FOR Giddey,Substitution,,0,0,448
0022300435,624,PT02M44.00S,4,1610612760,OKC,1629652,Dort,L. Dort,0,0,0,,0,,,0,v,SUB: Sarr FOR Dort,Substitution,,0,0,449
0022300435,625,PT02M44.00S,4,1610612760,OKC,1631096,Holmgren,C. Holmgren,0,0,0,,0,,,0,v,SUB: Wiggins FOR Holmgren,Substitution,,0,0,450
0022300435,626,PT02M44.00S,4,1610612760,OKC,1631114,Williams,J. Williams,0,0,0,,0,,,0,v,SUB: Wallace FOR Jal. Williams,Substitution,,0,0,451
0022300435,632,PT02M22.00S,4,1610612760,OKC,1630322,Waters III,L. Waters III,-207,142,25,Made,1,89,115,204,v,Waters III 25' 3PT Jump Shot (3 PTS) (Micic 2 AST),Made Shot,Jump Shot,1,3,452
0022300435,634,PT02M05.00S,4,1610612743,DEN,1631124,Strawther,J. Strawther,-65,264,27,Missed,1,,,0,h,MISS Strawther 27' 3PT Jump Shot,Missed Shot,Jump Shot,1,3,453
0022300435,635,PT02M01.00S,4,1610612760,OKC,1630846,Sarr,O. Sarr,0,0,0,,0,,,0,v,Sarr REBOUND (Off:0 Def:1),Rebound,Unknown,1,0,454
0022300435,636,PT01M54.00S,4,1610612760,OKC,1641717,Wallace,C. Wallace,-13,15,2,Missed,1,,,0,v,MISS Wallace 2' Driving Layup,Missed Shot,Driving Layup Shot,1,2,455
0022300435,637,PT01M52.00S,4,1610612743,DEN,203200,Holiday,J. Holiday,0,0,0,,0,,,0,h,Holiday REBOUND (Off:0 Def:1),Rebound,Unknown,1,0,456
0022300435,638,PT01M51.00S,4,1610612743,DEN,1630296,Key,B. Key,-22,21,3,Made,1,91,115,206,h,Key 3' Running Finger Roll Layup (2 PTS) (Holiday 2 AST),Made Shot,Running Finger Roll Layup Shot,1,2,457
0022300435,640,PT01M51.00S,4,1610612760,OKC,203995,Micić,V. Micić,0,0,0,,0,,,0,v,Micic S.FOUL (P2.T3) (J.Van Duyne),Foul,Shooting,1,0,458
0022300435,642,PT01M51.00S,4,1610612743,DEN,1630296,Key,B. Key,0,0,0,,0,92,115,207,h,Key Free Throw 1 of 1 (3 PTS),Free Throw,Free Throw 1 of 1,1,0,459
0022300435,643,PT01M37.00S,4,1610612743,DEN,1629618,Pickett,J. Pickett,0,0,0,,0,,,0,h,Pickett S.FOUL (P1.PN) (L.Wood),Foul,Shooting,1,0,460
0022300435,645,PT01M37.00S,4,1610612760,OKC,1630846,Sarr,O. Sarr,0,0,0,,0,92,116,208,v,Sarr Free Throw 1 of 2 (1 PTS),Free Throw,Free Throw 1 of 2,1,0,461
0022300435,646,PT01M37.00S,4,1610612760,OKC,1630846,Sarr,O. Sarr,0,0,0,,0,92,117,209,v,Sarr Free Throw 2 of 2 (2 PTS),Free Throw,Free Throw 2 of 2,1,0,462
0022300435,647,PT01M24.00S,4,1610612743,DEN,1629618,Pickett,J. Pickett,-25,220,22,Missed,1,,,0,h,MISS Pickett 22' Step Back Jump Shot,Missed Shot,Step Back Jump shot,1,2,463
0022300435,648,PT01M21.00S,4,1610612760,OKC,1630322,Waters III,L. Waters III,0,0,0,,0,,,0,v,Waters III REBOUND (Off:0 Def:1),Rebound,Unknown,1,0,464
0022300435,649,PT01M08.00S,4,1610612760,OKC,1630322,Waters III,L. Waters III,82,232,25,Missed,1,,,0,v,MISS Waters III 25' 3PT Jump Shot,Missed Shot,Jump Shot,1,3,465
0022300435,650,PT01M05.00S,4,1610612743,DEN,1631124,Strawther,J. Strawther,0,0,0,,0,,,0,h,Strawther REBOUND (Off:0 Def:1),Rebound,Unknown,1,0,466
0022300435,651,PT01M01.00S,4,1610612760,OKC,1630598,Wiggins,A. Wiggins,0,0,0,,0,,,0,v,Wiggins P.FOUL (P2.PN) (L.Wood),Foul,Personal,1,0,467
0022300435,653,PT01M01.00S,4,1610612743,DEN,1631124,Strawther,J. Strawther,0,0,0,,0,,,0,h,MISS Strawther Free Throw 1 of 2,Free Throw,Free Throw 1 of 2,1,0,468
0022300435,654,PT01M01.00S,4,0,,1610612743,,,0,0,0,,0,,,0,h,NUGGETS Rebound,Rebound,Normal Rebound,1,0,469
0022300435,655,PT01M01.00S,4,1610612743,DEN,1631124,Strawther,J. Strawther,0,0,0,,0,93,117,210,h,Strawther Free Throw 2 of 2 (10 PTS),Free Throw,Free Throw 2 of 2,1,0,470
0022300435,656,PT00M39.60S,4,1610612760,OKC,1630598,Wiggins,A. Wiggins,9,19,2,Made,1,93,119,212,v,Wiggins 2' Driving Finger Roll Layup (7 PTS),Made Shot,Driving Finger Roll Layup Shot,1,2,471
0022300435,657,PT00M21.10S,4,1610612743,DEN,203200,Holiday,J. Holiday,125,121,17,Missed,1,,,0,h,MISS Holiday 17' Pullup Jump Shot,Missed Shot,Pullup Jump shot,1,2,472
0022300435,658,PT00M17.00S,4,1610612760,OKC,1630598,Wiggins,A. Wiggins,0,0,0,,0,,,0,v,Wiggins REBOUND (Off:2 Def:3),Rebound,Unknown,1,0,473
0022300435,659,PT00M00.00S,4,0,,0,,,0,0,0,,0,93,119,212,,End of 4th Period (11:17 PM EST),period,end,1,0,474
