gameId,actionNumber,clock,period,teamId,teamTricode,personId,playerName,playerNameI,xLegacy,yLegacy,shotDistance,shotResult,isFieldGoal,scoreHome,scoreAway,pointsTotal,location,description,actionType,subType,videoAvailable,shotValue,actionId
0022300877,2,PT12M00.00S,1,0,,0,,,0,0,0,,0,0,0,0,,Start of 1st Period (7:13 PM EST),period,start,0,0,1
0022300877,4,PT12M00.00S,1,1610612759,SAS,1641705,Wembanyama,V. Wembanyama,0,0,0,,0,,,0,h,Jump Ball Wembanyama vs. Turner: Tip to Jones,Jump Ball,,1,0,2
0022300877,7,PT11M45.00S,1,1610612759,SAS,1630170,Vassell,D. Vassell,-120,234,26,Missed,1,,,0,h,MISS Vassell 26' 3PT Pullup Jump Shot,Missed Shot,Pullup Jump shot,1,3,3
0022300877,8,PT11M38.00S,1,1610612759,SAS,1641705,Wembanyama,V. Wembanyama,0,0,0,,0,,,0,h,Wembanyama REBOUND (Off:1 Def:0),Rebound,Unknown,1,0,4
0022300877,9,PT11M38.00S,1,1610612759,SAS,1641705,Wembanyama,V. Wembanyama,0,0,0,Made,1,2,0,2,h,Wembanyama Tip Dunk Shot (2 PTS),Made Shot,Tip Dunk Shot,1,2,5
0022300877,10,PT11M18.00S,1,1610612754,IND,1629614,Nembhard,A. Nembhard,70,242,25,Missed,1,,,0,v,MISS Nembhard 25' 3PT Pullup Jump Shot,Missed Shot,Pullup Jump shot,1,3,6
0022300877,11,PT11M17.00S,1,1610612759,SAS,1641705,Wembanyama,V. Wembanyama,0,0,0,,0,,,0,h,Wembanyama REBOUND (Off:1 Def:1),Rebound,Unknown,1,0,7
0022300877,12,PT11M13.00S,1,1610612754,IND,1627783,Siakam,P. Siakam,0,0,0,,0,,,0,v,Siakam P.FOUL (P1.T1) (C.Kirkland),Foul,Personal,1,0,8
0022300877,15,PT11M00.00S,1,1610612759,SAS,1630170,Vassell,D. Vassell,0,0,0,,0,,,0,h,Vassell Lost Ball Turnover (P1.T1),Turnover,Lost Ball,1,0,9
0022300877,15,PT11M00.00S,1,1610612754,IND,1630174,Nesmith,A. Nesmith,0,0,0,,0,,,0,v,Nesmith STEAL (1 STL),,,1,0,10
0022300877,17,PT10M46.00S,1,1610612754,IND,1627783,Siakam,P. Siakam,201,141,25,Missed,1,,,0,v,MISS Siakam 25' 3PT Jump Shot,Missed Shot,Jump Shot,1,3,11
0022300877,18,PT10M42.00S,1,1610612759,SAS,1631110,Sochan,J. Sochan,0,0,0,,0,,,0,h,Sochan REBOUND (Off:0 Def:1),Rebound,Unknown,1,0,12
0022300877,19,PT10M37.00S,1,1610612759,SAS,1641705,Wembanyama,V. Wembanyama,4,3,1,Missed,1,,,0,h,MISS Wembanyama 1' Running Alley Oop Dunk Shot,Missed Shot,Running Alley Oop Dunk Shot,1,2,13
0022300877,20,PT10M35.00S,1,1610612754,IND,1630169,Haliburton,T. Haliburton,0,0,0,,0,,,0,v,Haliburton REBOUND (Off:0 Def:1),Rebound,Unknown,1,0,14
0022300877,22,PT10M31.00S,1,1610612754,IND,1630174,Nesmith,A. Nesmith,-229,-6,0,Missed,1,,,0,v,MISS Nesmith 3PT Jump Shot,Missed Shot,Jump Shot,1,3,15
0022300877,23,PT10M26.00S,1,1610612759,SAS,1630170,Vassell,D. Vassell,0,0,0,,0,,,0,h,Vassell REBOUND (Off:0 Def:1),Rebound,Unknown,1,0,16
0022300877,24,PT10M12.00S,1,1610612759,SAS,1641705,Wembanyama,V. Wembanyama,25,55,6,Made,1,4,0,4,h,Wembanyama 6' Hook Shot (4 PTS) (Branham 1 AST),Made Shot,Hook Shot,1,2,17
0022300877,26,PT09M56.00S,1,1610612754,IND,1627783,Siakam,P. Siakam,-15,86,9,Missed,1,,,0,v,MISS Siakam 9' Turnaround Jump Shot,Missed Shot,Turnaround Jump Shot,1,2,18
0022300877,27,PT09M53.00S,1,1610612759,SAS,1641705,Wembanyama,V. Wembanyama,0,0,0,,0,,,0,h,Wembanyama REBOUND (Off:1 Def:2),Rebound,Unknown,1,0,19
0022300877,28,PT09M49.00S,1,1610612759,SAS,1641705,Wembanyama,V. Wembanyama,0,0,0,,0,,,0,h,Wembanyama Step Out of Bounds Turnover (P1.T2),Turnover,Step Out of Bounds Turnover,1,0,20
0022300877,29,PT09M34.00S,1,1610612754,IND,1626167,Turner,M. Turner,88,242,26,Made,1,4,3,7,v,Turner 26' 3PT Jump Shot (3 PTS) (Haliburton 1 AST),Made Shot,Jump Shot,1,3,21
0022300877,31,PT09M16.00S,1,1610612759,SAS,1641705,Wembanyama,V. Wembanyama,0,0,0,,0,,,0,h,Wembanyama Bad Pass Turnover (P2.T3),Turnover,Bad Pass,1,0,22
0022300877,31,PT09M16.00S,1,1610612754,IND,1629614,Nembhard,A. Nembhard,0,0,0,,0,,,0,v,Nembhard STEAL (1 STL),,,1,0,23
0022300877,33,PT09M08.00S,1,1610612754,IND,1630169,Haliburton,T. Haliburton,-83,249,26,Missed,1,,,0,v,MISS Haliburton 26' 3PT Step Back Jump Shot,Missed Shot,Step Back Jump shot,1,3,24
0022300877,34,PT09M05.00S,1,1610612759,SAS,1631110,Sochan,J. Sochan,0,0,0,,0,,,0,h,Sochan REBOUND (Off:0 Def:2),Rebound,Unknown,1,0,25
0022300877,35,PT08M58.00S,1,1610612759,SAS,1631110,Sochan,J. Sochan,16,3,2,Made,1,6,3,9,h,Sochan 2' Cutting Finger Roll Layup Shot (2 PTS) (Branham 2 AST),Made Shot,Cutting Finger Roll Layup Shot,1,2,26
0022300877,37,PT08M49.00S,1,1610612754,IND,1626167,Turner,M. Turner,-86,258,27,Missed,1,,,0,v,MISS Turner 27' 3PT Jump Shot,Missed Shot,Jump Shot,1,3,27
0022300877,38,PT08M45.00S,1,1610612759,SAS,1641705,Wembanyama,V. Wembanyama,0,0,0,,0,,,0,h,Wembanyama REBOUND (Off:1 Def:3),Rebound,Unknown,1,0,28
0022300877,39,PT08M35.00S,1,1610612759,SAS,1631103,Branham,M. Branham,-235,1,24,Made,1,9,3,12,h,Branham 24' 3PT Jump Shot (3 PTS),Made Shot,Jump Shot,1,3,29
0022300877,41,PT08M18.00S,1,1610612754,IND,1626167,Turner,M. Turner,18,28,3,Missed,1,,,0,v,MISS Turner 3' Layup,Missed Shot,Layup Shot,1,2,30
0022300877,43,PT08M16.00S,1,1610612759,SAS,1630170,Vassell,D. Vassell,0,0,0,,0,,,0,h,Vassell REBOUND (Off:0 Def:2),Rebound,Unknown,1,0,31
0022300877,44,PT08M11.00S,1,1610612759,SAS,1630170,Vassell,D. Vassell,-203,145,25,Made,1,12,3,15,h,Vassell 25' 3PT Running Jump Shot (3 PTS) (Branham 3 AST),Made Shot,Running Jump Shot,1,3,32
0022300877,46,PT08M10.00S,1,0,,1610612754,,,0,0,0,,0,,,0,v,Pacers Timeout: Regular (Reg.1 Short 0),Timeout,Regular,0,0,33
0022300877,47,PT07M56.00S,1,1610612754,IND,1630169,Haliburton,T. Haliburton,0,60,6,Made,1,12,5,17,v,Haliburton 6' Turnaround Hook Shot (2 PTS),Made Shot,Turnaround Hook Shot,1,2,34
0022300877,48,PT07M45.00S,1,1610612759,SAS,1630170,Vassell,D. Vassell,217,119,25,Missed,1,,,0,h,MISS Vassell 25' 3PT Jump Shot,Missed Shot,Jump Shot,1,3,35
0022300877,49,PT07M42.00S,1,1610612754,IND,1627783,Siakam,P. Siakam,0,0,0,,0,,,0,v,Siakam REBOUND (Off:0 Def:1),Rebound,Unknown,1,0,36
0022300877,50,PT07M32.00S,1,1610612754,IND,1627783,Siakam,P. Siakam,77,68,10,Missed,1,,,0,v,MISS Siakam 10' Turnaround Fadeaway Shot,Missed Shot,Turnaround Fadeaway shot,1,2,37
0022300877,51,PT07M30.00S,1,1610612759,SAS,1631103,Branham,M. Branham,0,0,0,,0,,,0,h,Branham REBOUND (Off:0 Def:1),Rebound,Unknown,1,0,38
0022300877,52,PT07M23.00S,1,1610612754,IND,1629614,Nembhard,A. Nembhard,0,0,0,,0,,,0,v,Nembhard P.FOUL (P1.T2) (B.Adair),Foul,Personal,1,0,39
0022300877,54,PT07M12.00S,1,1610612759,SAS,1630200,Jones,T. Jones,-45,104,11,Missed,1,,,0,h,MISS Jones 11' Driving Floating Jump Shot,Missed Shot,Driving Floating Jump Shot,1,2,40
0022300877,55,PT07M09.00S,1,1610612754,IND,1629614,Nembhard,A. Nembhard,0,0,0,,0,,,0,v,Nembhard REBOUND (Off:0 Def:1),Rebound,Unknown,1,0,41
0022300877,56,PT07M06.00S,1,1610612754,IND,1630174,Nesmith,A. Nesmith,230,-11,0,Missed,1,,,0,v,MISS Nesmith 3PT Running Jump Shot,Missed Shot,Running Jump Shot,1,3,42
0022300877,57,PT07M03.00S,1,1610612759,SAS,1631103,Branham,M. Branham,0,0,0,,0,,,0,h,Branham REBOUND (Off:0 Def:2),Rebound,Unknown,1,0,43
0022300877,58,PT06M55.00S,1,1610612759,SAS,1631103,Branham,M. Branham,-15,8,2,Made,1,14,5,19,h,Branham 2' Cutting Layup Shot (5 PTS) (Wembanyama 1 AST),Made Shot,Cutting Layup Shot,1,2,44
0022300877,60,PT06M55.00S,1,0,,1610612759,,,0,0,0,,0,,,0,h,SPURS Violation: Delay of game Violation,Violation,Delay Of Game,0,0,45
0022300877,62,PT06M31.00S,1,1610612754,IND,1627783,Siakam,P. Siakam,45,50,7,Made,1,14,7,21,v,Siakam 7' Turnaround Fadeaway (2 PTS),Made Shot,Turnaround Fadeaway shot,1,2,46
0022300877,63,PT06M09.00S,1,1610612759,SAS,1630170,Vassell,D. Vassell,-21,14,3,Missed,1,,,0,h,MISS Vassell 3' Driving Layup,Missed Shot,Driving Layup Shot,1,2,47
0022300877,64,PT06M04.00S,1,1610612754,IND,1627783,Siakam,P. Siakam,0,0,0,,0,,,0,v,Siakam REBOUND (Off:0 Def:2),Rebound,Unknown,1,0,48
0022300877,65,PT06M03.00S,1,1610612754,IND,1630169,Haliburton,T. Haliburton,179,160,24,Missed,1,,,0,v,MISS Haliburton 24' 3PT Running Jump Shot,Missed Shot,Running Jump Shot,1,3,49
0022300877,66,PT06M00.00S,1,1610612754,IND,1626167,Turner,M. Turner,0,0,0,,0,,,0,v,Turner REBOUND (Off:1 Def:0),Rebound,Unknown,1,0,50
0022300877,67,PT05M53.00S,1,1610612754,IND,1626167,Turner,M. Turner,-50,211,22,Missed,1,,,0,v,MISS Turner 22' Jump Shot,Missed Shot,Jump Shot,1,2,51
0022300877,68,PT05M50.00S,1,1610612759,SAS,1631110,Sochan,J. Sochan,0,0,0,,0,,,0,h,Sochan REBOUND (Off:0 Def:3),Rebound,Unknown,1,0,52
0022300877,69,PT05M41.00S,1,1610612759,SAS,1641705,Wembanyama,V. Wembanyama,28,95,10,Missed,1,,,0,h,MISS Wembanyama 10' Fadeaway Jumper,Missed Shot,Fadeaway Jump Shot,1,2,53
0022300877,70,PT05M38.00S,1,1610612754,IND,1627783,Siakam,P. Siakam,0,0,0,,0,,,0,v,Siakam REBOUND (Off:0 Def:3),Rebound,Unknown,1,0,54
0022300877,71,PT05M27.00S,1,1610612754,IND,1626167,Turner,M. Turner,0,0,0,,0,,,0,v,Turner Lost Ball Turnover (P1.T1),Turnover,Lost Ball,1,0,55
0022300877,71,PT05M27.00S,1,1610612759,SAS,1630170,Vassell,D. Vassell,0,0,0,,0,,,0,h,Vassell STEAL (1 STL),,,1,0,56
0022300877,73,PT05M21.00S,1,1610612759,SAS,1630170,Vassell,D. Vassell,235,6,24,Made,1,17,7,24,h,Vassell 24' 3PT Running Jump Shot (6 PTS) (Jones 1 AST),Made Shot,Running Jump Shot,1,3,57
0022300877,75,PT05M07.00S,1,1610612754,IND,1630174,Nesmith,A. Nesmith,0,0,0,,0,,,0,v,Nesmith Out of Bounds Lost Ball Turnover (P1.T2),Turnover,Out of Bounds Lost Ball Turnover,1,0,58
0022300877,76,PT05M07.00S,1,1610612759,SAS,1631103,Branham,M. Branham,0,0,0,,0,,,0,h,SUB: Collins FOR Branham,Substitution,,0,0,59
0022300877,77,PT05M07.00S,1,1610612759,SAS,1641705,Wembanyama,V. Wembanyama,0,0,0,,0,,,0,h,SUB: Johnson FOR Wembanyama,Substitution,,0,0,60
0022300877,78,PT05M07.00S,1,1610612754,IND,1630174,Nesmith,A. Nesmith,0,0,0,,0,,,0,v,SUB: Mathurin FOR Nesmith,Substitution,,0,0,61
0022300877,79,PT05M07.00S,1,1610612754,IND,1626167,Turner,M. Turner,0,0,0,,0,,,0,v,SUB: Smith FOR Turner,Substitution,,0,0,62
0022300877,84,PT04M50.00S,1,1610612759,SAS,1630170,Vassell,D. Vassell,-80,71,11,Made,1,19,7,26,h,Vassell 11' Pullup Jump Shot (8 PTS),Made Shot,Pullup Jump shot,1,2,63
0022300877,86,PT04M38.00S,1,1610612759,SAS,1630200,Jones,T. Jones,0,0,0,,0,,,0,h,SUB: Wesley FOR Jones,Substitution,,0,0,64
0022300877,87,PT04M38.00S,1,1610612754,IND,1629614,Nembhard,A. Nembhard,0,0,0,,0,,,0,v,SUB: McConnell FOR Nembhard,Substitution,,0,0,65
0022300877,88,PT04M38.00S,1,1610612754,IND,1627783,Siakam,P. Siakam,0,0,0,,0,,,0,v,SUB: Toppin FOR Siakam,Substitution,,0,0,66
0022300877,93,PT04M38.00S,1,0,,1610612754,,,0,0,0,,0,,,0,v,Pacers Turnover: 5 Second Violation (T#3),Turnover,5 Second Violation,1,0,67
0022300877,94,PT04M19.00S,1,1610612759,SAS,1631110,Sochan,J. Sochan,0,0,0,,0,,,0,h,Sochan Bad Pass Turnover (P1.T4),Turnover,Bad Pass,1,0,68
0022300877,94,PT04M19.00S,1,1610612754,IND,204456,McConnell,T. McConnell,0,0,0,,0,,,0,v,McConnell STEAL (1 STL),,,1,0,69
0022300877,96,PT04M16.00S,1,1610612754,IND,204456,McConnell,T. McConnell,10,0,1,Made,1,19,9,28,v,McConnell 1' Running Reverse Layup (2 PTS),Made Shot,Running Reverse Layup Shot,1,2,70
0022300877,97,PT04M16.00S,1,0,,1610612759,,,0,0,0,,0,,,0,h,SPURS Timeout: Regular (Full 1 Short 0),Timeout,Regular,0,0,71
0022300877,98,PT04M16.00S,1,1610612759,SAS,1631110,Sochan,J. Sochan,0,0,0,,0,,,0,h,SUB: Osman FOR Sochan,Substitution,,0,0,72
0022300877,100,PT03M50.00S,1,1610612759,SAS,1630170,Vassell,D. Vassell,72,157,17,Missed,1,,,0,h,MISS Vassell 17' Pullup Jump Shot,Missed Shot,Pullup Jump shot,1,2,73
0022300877,101,PT03M47.00S,1,1610612754,IND,1630188,Smith,J. Smith,0,0,0,,0,,,0,v,Smith REBOUND (Off:0 Def:1),Rebound,Unknown,1,0,74
0022300877,102,PT03M37.00S,1,1610612754,IND,204456,McConnell,T. McConnell,-6,121,12,Made,1,19,11,30,v,McConnell 12' Pullup Jump Shot (4 PTS),Made Shot,Pullup Jump shot,1,2,75
0022300877,103,PT03M27.00S,1,1610612759,SAS,1629640,Johnson,K. Johnson,-12,14,2,Missed,1,,,0,h,MISS Johnson 2' Cutting Layup Shot,Missed Shot,Cutting Layup Shot,1,2,76
0022300877,104,PT03M25.00S,1,1610612754,IND,1630169,Haliburton,T. Haliburton,0,0,0,,0,,,0,v,Haliburton REBOUND (Off:0 Def:2),Rebound,Unknown,1,0,77
0022300877,105,PT03M23.00S,1,1610612754,IND,1630169,Haliburton,T. Haliburton,0,0,0,,0,,,0,v,Haliburton Bad Pass Turnover (P1.T4),Turnover,Bad Pass,1,0,78
0022300877,105,PT03M23.00S,1,1610612759,SAS,1626224,Osman,C. Osman,0,0,0,,0,,,0,h,Osman STEAL (1 STL),,,1,0,79
0022300877,107,PT03M18.00S,1,1610612759,SAS,1631104,Wesley,B. Wesley,-1,6,1,Made,1,21,11,32,h,Wesley 1' Running Dunk (2 PTS),Made Shot,Running Dunk Shot,1,2,80
0022300877,108,PT03M06.00S,1,1610612754,IND,1630188,Smith,J. Smith,0,254,25,Missed,1,,,0,v,MISS Smith 25' 3PT Jump Shot,Missed Shot,Jump Shot,1,3,81
0022300877,109,PT03M01.00S,1,1610612759,SAS,1630170,Vassell,D. Vassell,0,0,0,,0,,,0,h,Vassell REBOUND (Off:0 Def:3),Rebound,Unknown,1,0,82
0022300877,110,PT02M54.00S,1,1610612759,SAS,1628380,Collins,Z. Collins,15,68,7,Made,1,23,11,34,h,Collins 7' Floating Jump Shot (2 PTS) (Vassell 1 AST),Made Shot,Floating Jump shot,1,2,83
0022300877,112,PT02M42.00S,1,1610612754,IND,204456,McConnell,T. McConnell,-25,10,3,Made,1,23,13,36,v,McConnell 3' Driving Finger Roll Layup (6 PTS),Made Shot,Driving Finger Roll Layup Shot,1,2,84
0022300877,113,PT02M29.00S,1,1610612759,SAS,1631104,Wesley,B. Wesley,23,-2,2,Made,1,25,13,38,h,Wesley 2' Driving Finger Roll Layup (4 PTS) (Collins 1 AST),Made Shot,Driving Finger Roll Layup Shot,1,2,85
0022300877,115,PT02M29.00S,1,0,,1610612754,,,0,0,0,,0,,,0,v,Pacers Timeout: Regular (Reg.2 Short 0),Timeout,Regular,0,0,86
0022300877,116,PT02M29.00S,1,1610612754,IND,1630169,Haliburton,T. Haliburton,0,0,0,,0,,,0,v,SUB: Nesmith FOR Haliburton,Substitution,,0,0,87
0022300877,118,PT02M12.00S,1,1610612754,IND,1630174,Nesmith,A. Nesmith,2,262,26,Missed,1,,,0,v,MISS Nesmith 26' 3PT Pullup Jump Shot,Missed Shot,Pullup Jump shot,1,3,88
0022300877,119,PT02M09.00S,1,1610612759,SAS,1626224,Osman,C. Osman,0,0,0,,0,,,0,h,Osman REBOUND (Off:0 Def:1),Rebound,Unknown,1,0,89
0022300877,120,PT02M01.00S,1,1610612759,SAS,1628380,Collins,Z. Collins,0,0,0,,0,,,0,h,Collins OFF.Foul (P1) (B.Nansel),Foul,Offensive,1,0,90
0022300877,122,PT02M01.00S,1,1610612759,SAS,1628380,Collins,Z. Collins,0,0,0,,0,,,0,h,Collins Offensive Foul Turnover (P1.T5),Turnover,Offensive Foul Turnover,1,0,91
0022300877,123,PT01M51.00S,1,1610612754,IND,204456,McConnell,T. McConnell,5,5,1,Made,1,25,15,40,v,McConnell 1' Driving Finger Roll Layup (8 PTS),Made Shot,Driving Finger Roll Layup Shot,1,2,92
0022300877,125,PT01M25.00S,1,1610612759,SAS,1626224,Osman,C. Osman,167,203,26,Missed,1,,,0,h,MISS Osman 26' 3PT Jump Shot,Missed Shot,Jump Shot,1,3,93
0022300877,126,PT01M23.00S,1,1610612754,IND,1630188,Smith,J. Smith,0,0,0,,0,,,0,v,Smith REBOUND (Off:0 Def:2),Rebound,Unknown,1,0,94
0022300877,127,PT01M22.00S,1,1610612759,SAS,1631104,Wesley,B. Wesley,0,0,0,,0,,,0,h,Wesley S.FOUL (P1.T1) (B.Adair),Foul,Shooting,1,0,95
0022300877,129,PT01M22.00S,1,1610612754,IND,1631097,Mathurin,B. Mathurin,0,0,0,,0,,,0,v,MISS Mathurin Free Throw 1 of 2,Free Throw,Free Throw 1 of 2,1,0,96
0022300877,130,PT01M22.00S,1,0,,1610612754,,,0,0,0,,0,,,0,v,Pacers Rebound,Rebound,Normal Rebound,1,0,97
0022300877,131,PT01M22.00S,1,1610612754,IND,1631097,Mathurin,B. Mathurin,0,0,0,,0,25,16,41,v,Mathurin Free Throw 2 of 2 (1 PTS),Free Throw,Free Throw 2 of 2,1,0,98
0022300877,132,PT01M06.00S,1,1610612759,SAS,1628380,Collins,Z. Collins,20,0,2,Missed,1,,,0,h,MISS Collins 2' Driving Layup,Missed Shot,Driving Layup Shot,1,2,99
0022300877,133,PT01M04.00S,1,1610612754,IND,1630188,Smith,J. Smith,0,0,0,,0,,,0,v,Smith REBOUND (Off:0 Def:3),Rebound,Unknown,1,0,100
0022300877,134,PT01M00.00S,1,1610612754,IND,1630167,Toppin,O. Toppin,-227,117,26,Missed,1,,,0,v,MISS Toppin 26' 3PT Running Jump Shot,Missed Shot,Running Jump Shot,1,3,101
0022300877,135,PT01M00.00S,1,1610612759,SAS,1631104,Wesley,B. Wesley,0,0,0,,0,,,0,h,Wesley REBOUND (Off:0 Def:1),Rebound,Unknown,1,0,102
0022300877,136,PT00M48.40S,1,1610612759,SAS,1628380,Collins,Z. Collins,5,16,2,Missed,1,,,0,h,MISS Collins 2' Driving Layup,Missed Shot,Driving Layup Shot,1,2,103
0022300877,136,PT00M48.40S,1,1610612754,IND,1631097,Mathurin,B. Mathurin,0,0,0,,0,,,0,v,Mathurin BLOCK (1 BLK),,,1,2,104
0022300877,138,PT00M44.80S,1,1610612759,SAS,1626224,Osman,C. Osman,0,0,0,,0,,,0,h,Osman REBOUND (Off:1 Def:1),Rebound,Unknown,1,0,105
0022300877,139,PT00M41.10S,1,1610612754,IND,1630174,Nesmith,A. Nesmith,0,0,0,,0,,,0,v,Nesmith S.FOUL (P1.T3) (B.Adair),Foul,Shooting,1,0,106
0022300877,141,PT00M41.10S,1,1610612759,SAS,1628380,Collins,Z. Collins,0,0,0,,0,,,0,h,MISS Collins Free Throw 1 of 2,Free Throw,Free Throw 1 of 2,1,0,107
0022300877,142,PT00M41.10S,1,0,,1610612759,,,0,0,0,,0,,,0,h,SPURS Rebound,Rebound,Normal Rebound,0,0,108
0022300877,143,PT00M41.10S,1,1610612759,SAS,1628380,Collins,Z. Collins,0,0,0,,0,26,16,42,h,Collins Free Throw 2 of 2 (3 PTS),Free Throw,Free Throw 2 of 2,1,0,109
0022300877,144,PT00M29.40S,1,1610612754,IND,1631097,Mathurin,B. Mathurin,-165,200,26,Missed,1,,,0,v,MISS Mathurin 26' 3PT Step Back Jump Shot,Missed Shot,Step Back Jump shot,1,3,110
0022300877,145,PT00M25.80S,1,1610612759,SAS,1628380,Collins,Z. Collins,0,0,0,,0,,,0,h,Collins REBOUND (Off:0 Def:1),Rebound,Unknown,1,0,111
0022300877,146,PT00M04.80S,1,1610612759,SAS,1630170,Vassell,D. Vassell,6,178,18,Missed,1,,,0,h,MISS Vassell 18' Pullup Jump Shot,Missed Shot,Pullup Jump shot,1,2,112
0022300877,147,PT00M01.60S,1,1610612754,IND,1630167,Toppin,O. Toppin,0,0,0,,0,,,0,v,Toppin REBOUND (Off:0 Def:1),Rebound,Unknown,1,0,113
0022300877,150,PT00M00.00S,1,0,,0,,,0,0,0,,0,26,16,42,,End of 1st Period (7:39 PM EST),period,end,1,0,114
0022300877,155,PT12M00.00S,2,0,,0,,,0,0,0,,0,26,16,42,,Start of 2nd Period (7:41 PM EST),period,start,0,0,115
0022300877,156,PT11M44.00S,2,1610612754,IND,204456,McConnell,T. McConnell,110,-41,12,Made,1,26,18,44,v,McConnell 12' Fadeaway Jumper (10 PTS) (Mathurin 1 AST),Made Shot,Fadeaway Jump Shot,1,2,116
0022300877,157,PT11M29.00S,2,1610612759,SAS,1641705,Wembanyama,V. Wembanyama,-4,1,0,Made,1,28,18,46,h,Wembanyama Alley Oop Dunk (6 PTS) (Johnson 1 AST),Made Shot,Alley Oop Dunk Shot,1,2,117
0022300877,159,PT11M19.00S,2,1610612754,IND,1630188,Smith,J. Smith,0,0,0,,0,,,0,v,Smith Double Dribble Turnover (P1.T5),Turnover,Double Dribble,1,0,118
0022300877,160,PT11M03.00S,2,1610612759,SAS,1631103,Branham,M. Branham,175,178,25,Missed,1,,,0,h,MISS Branham 25' 3PT Jump Shot,Missed Shot,Jump Shot,1,3,119
0022300877,161,PT11M00.00S,2,1610612759,SAS,1629640,Johnson,K. Johnson,0,0,0,,0,,,0,h,Johnson REBOUND (Off:1 Def:0),Rebound,Unknown,1,0,120
0022300877,162,PT10M57.00S,2,1610612759,SAS,1629640,Johnson,K. Johnson,-137,220,26,Missed,1,,,0,h,MISS Johnson 26' 3PT Jump Shot,Missed Shot,Jump Shot,1,3,121
0022300877,163,PT10M55.00S,2,1610612754,IND,1630167,Toppin,O. Toppin,0,0,0,,0,,,0,v,Toppin REBOUND (Off:0 Def:2),Rebound,Unknown,1,0,122
0022300877,164,PT10M50.00S,2,1610612759,SAS,1626224,Osman,C. Osman,0,0,0,,0,,,0,h,Osman P.FOUL (P1.T1) (C.Kirkland),Foul,Personal,1,0,123
0022300877,167,PT10M40.00S,2,1610612754,IND,1630167,Toppin,O. Toppin,-6,5,1,Made,1,28,20,48,v,Toppin 1' Driving Dunk (2 PTS) (McConnell 1 AST),Made Shot,Driving Dunk Shot,1,2,124
0022300877,169,PT10M20.00S,2,1610612759,SAS,1629640,Johnson,K. Johnson,-195,156,25,Missed,1,,,0,h,MISS Johnson 25' 3PT Jump Shot,Missed Shot,Jump Shot,1,3,125
0022300877,170,PT10M18.00S,2,1610612754,IND,1630188,Smith,J. Smith,0,0,0,,0,,,0,v,Smith REBOUND (Off:0 Def:4),Rebound,Unknown,1,0,126
0022300877,171,PT10M13.00S,2,1610612754,IND,204456,McConnell,T. McConnell,16,4,2,Missed,1,,,0,v,MISS McConnell 2' Running Layup,Missed Shot,Running Layup Shot,1,2,127
0022300877,172,PT10M13.00S,2,1610612754,IND,1630188,Smith,J. Smith,0,0,0,,0,,,0,v,Smith REBOUND (Off:1 Def:4),Rebound,Unknown,1,0,128
0022300877,173,PT10M13.00S,2,1610612754,IND,1630188,Smith,J. Smith,0,0,0,Made,1,28,22,50,v,Smith Tip Layup Shot (2 PTS),Made Shot,Tip Layup Shot,1,2,129
0022300877,174,PT10M13.00S,2,0,,1610612759,,,0,0,0,,0,,,0,h,SPURS Timeout: Regular (Full 2 Short 0),Timeout,Regular,0,0,130
0022300877,175,PT09M54.00S,2,1610612759,SAS,1641705,Wembanyama,V. Wembanyama,-12,1,1,Made,1,30,22,52,h,Wembanyama 1' Driving Dunk (8 PTS) (Osman 1 AST),Made Shot,Driving Dunk Shot,1,2,131
0022300877,177,PT09M31.00S,2,1610612754,IND,1631097,Mathurin,B. Mathurin,-23,11,3,Missed,1,,,0,v,MISS Mathurin 3' Driving Finger Roll Layup,Missed Shot,Driving Finger Roll Layup Shot,1,2,132
0022300877,177,PT09M31.00S,2,1610612759,SAS,1641705,Wembanyama,V. Wembanyama,0,0,0,,0,,,0,h,Wembanyama BLOCK (1 BLK),,,1,2,133
0022300877,179,PT09M28.00S,2,1610612759,SAS,1629640,Johnson,K. Johnson,0,0,0,,0,,,0,h,Johnson REBOUND (Off:1 Def:1),Rebound,Unknown,1,0,134
0022300877,180,PT09M28.00S,2,1610612754,IND,1630174,Nesmith,A. Nesmith,0,0,0,,0,,,0,v,Nesmith S.FOUL (P2.T1) (C.Kirkland),Foul,Shooting,1,0,135
0022300877,182,PT09M28.00S,2,1610612759,SAS,1631104,Wesley,B. Wesley,0,0,0,,0,31,22,53,h,Wesley Free Throw 1 of 2 (5 PTS),Free Throw,Free Throw 1 of 2,1,0,136
0022300877,183,PT09M28.00S,2,1610612759,SAS,1629640,Johnson,K. Johnson,0,0,0,,0,,,0,h,SUB: Sochan FOR Johnson,Substitution,,0,0,137
0022300877,184,PT09M28.00S,2,1610612754,IND,1630188,Smith,J. Smith,0,0,0,,0,,,0,v,SUB: Siakam FOR Smith,Substitution,,0,0,138
0022300877,187,PT09M28.00S,2,1610612759,SAS,1631104,Wesley,B. Wesley,0,0,0,,0,,,0,h,MISS Wesley Free Throw 2 of 2,Free Throw,Free Throw 2 of 2,1,0,139
0022300877,188,PT09M24.00S,2,1610612754,IND,204456,McConnell,T. McConnell,0,0,0,,0,,,0,v,McConnell REBOUND (Off:0 Def:1),Rebound,Unknown,1,0,140
0022300877,189,PT09M11.00S,2,1610612754,IND,1627783,Siakam,P. Siakam,165,191,25,Made,1,31,25,56,v,Siakam 25' 3PT Jump Shot (5 PTS) (McConnell 2 AST),Made Shot,Jump Shot,1,3,141
0022300877,191,PT08M49.00S,2,1610612759,SAS,1641705,Wembanyama,V. Wembanyama,-2,13,1,Made,1,33,25,58,h,Wembanyama 1' Driving Finger Roll Layup (10 PTS) (Sochan 1 AST),Made Shot,Driving Finger Roll Layup Shot,1,2,142
0022300877,193,PT08M42.00S,2,1610612754,IND,204456,McConnell,T. McConnell,0,0,0,,0,,,0,v,McConnell Bad Pass Turnover (P1.T6),Turnover,Bad Pass,1,0,143
0022300877,193,PT08M42.00S,2,1610612759,SAS,1631104,Wesley,B. Wesley,0,0,0,,0,,,0,h,Wesley STEAL (1 STL),,,1,0,144
0022300877,195,PT08M38.00S,2,1610612754,IND,1631097,Mathurin,B. Mathurin,0,0,0,,0,,,0,v,Mathurin S.FOUL (P1.T2) (B.Adair),Foul,Shooting,1,0,145
0022300877,197,PT08M38.00S,2,1610612759,SAS,1641705,Wembanyama,V. Wembanyama,0,0,0,,0,34,25,59,h,Wembanyama Free Throw 1 of 2 (11 PTS),Free Throw,Free Throw 1 of 2,1,0,146
0022300877,198,PT08M38.00S,2,1610612759,SAS,1631104,Wesley,B. Wesley,0,0,0,,0,,,0,h,SUB: Johnson FOR Wesley,Substitution,,0,0,147
0022300877,199,PT08M38.00S,2,1610612759,SAS,1626224,Osman,C. Osman,0,0,0,,0,,,0,h,SUB: Jones FOR Osman,Substitution,,0,0,148
0022300877,200,PT08M38.00S,2,1610612754,IND,1631097,Mathurin,B. Mathurin,0,0,0,,0,,,0,v,SUB: Haliburton FOR Mathurin,Substitution,,0,0,149
0022300877,204,PT08M38.00S,2,0,,1610612754,,,0,0,0,,0,,,0,v,Pacers Violation: Delay of game Violation,Violation,Delay Of Game,0,0,150
0022300877,205,PT08M38.00S,2,1610612759,SAS,1641705,Wembanyama,V. Wembanyama,0,0,0,,0,35,25,60,h,Wembanyama Free Throw 2 of 2 (12 PTS),Free Throw,Free Throw 2 of 2,1,0,151
0022300877,206,PT08M27.00S,2,1610612754,IND,204456,McConnell,T. McConnell,7,5,1,Made,1,35,27,62,v,McConnell 1' Driving Finger Roll Layup (12 PTS) (Haliburton 2 AST),Made Shot,Driving Finger Roll Layup Shot,1,2,152
0022300877,209,PT08M00.00S,2,0,,1610612759,,,0,0,0,,0,,,0,h,SPURS Turnover: Shot Clock (T#6),Turnover,Shot Clock Turnover,0,0,153
0022300877,210,PT07M48.00S,2,1610612754,IND,1630167,Toppin,O. Toppin,-27,5,3,Missed,1,,,0,v,MISS Toppin 3' Driving Reverse Layup,Missed Shot,Driving Reverse Layup Shot,1,2,154
0022300877,210,PT07M48.00S,2,1610612759,SAS,1641705,Wembanyama,V. Wembanyama,0,0,0,,0,,,0,h,Wembanyama BLOCK (2 BLK),,,1,2,155
0022300877,212,PT07M43.00S,2,1610612759,SAS,1641705,Wembanyama,V. Wembanyama,0,0,0,,0,,,0,h,Wembanyama REBOUND (Off:1 Def:4),Rebound,Unknown,1,0,156
0022300877,213,PT07M40.00S,2,1610612759,SAS,1629640,Johnson,K. Johnson,-9,-1,1,Made,1,37,27,64,h,Johnson 1' Running Layup (2 PTS) (Jones 2 AST),Made Shot,Running Layup Shot,1,2,157
0022300877,215,PT07M31.00S,2,1610612759,SAS,1629640,Johnson,K. Johnson,0,0,0,,0,,,0,h,Johnson P.FOUL (P1.T2) (B.Adair),Foul,Personal,1,0,158
0022300877,217,PT07M31.00S,2,1610612759,SAS,1641705,Wembanyama,V. Wembanyama,0,0,0,,0,,,0,h,SUB: Collins FOR Wembanyama,Substitution,,0,0,159
0022300877,218,PT07M31.00S,2,1610612754,IND,1630167,Toppin,O. Toppin,0,0,0,,0,,,0,v,SUB: Turner FOR Toppin,Substitution,,0,0,160
0022300877,221,PT07M13.00S,2,1610612754,IND,1630169,Haliburton,T. Haliburton,-2,39,4,Missed,1,,,0,v,MISS Haliburton 4' Driving Floating Jump Shot,Missed Shot,Driving Floating Jump Shot,1,2,161
0022300877,222,PT07M11.00S,2,1610612759,SAS,1630200,Jones,T. Jones,0,0,0,,0,,,0,h,Jones REBOUND (Off:0 Def:1),Rebound,Unknown,1,0,162
0022300877,223,PT07M04.00S,2,1610612759,SAS,1629640,Johnson,K. Johnson,238,45,24,Missed,1,,,0,h,MISS Johnson 24' 3PT Running Jump Shot,Missed Shot,Running Jump Shot,1,3,163
0022300877,224,PT07M01.00S,2,1610612754,IND,1630174,Nesmith,A. Nesmith,0,0,0,,0,,,0,v,Nesmith REBOUND (Off:0 Def:1),Rebound,Unknown,1,0,164
0022300877,225,PT06M56.00S,2,1610612754,IND,1627783,Siakam,P. Siakam,-10,5,1,Made,1,37,29,66,v,Siakam 1' Running Dunk (7 PTS) (Haliburton 3 AST),Made Shot,Running Dunk Shot,1,2,165
0022300877,227,PT06M43.00S,2,1610612759,SAS,1628380,Collins,Z. Collins,81,143,16,Missed,1,,,0,h,MISS Collins 16' Jump Shot,Missed Shot,Jump Shot,1,2,166
0022300877,228,PT06M40.00S,2,1610612754,IND,1627783,Siakam,P. Siakam,0,0,0,,0,,,0,v,Siakam REBOUND (Off:0 Def:4),Rebound,Unknown,1,0,167
0022300877,229,PT06M30.00S,2,1610612754,IND,204456,McConnell,T. McConnell,88,-15,9,Made,1,37,31,68,v,McConnell 9' Pullup Jump Shot (14 PTS),Made Shot,Pullup Jump shot,1,2,168
0022300877,230,PT06M11.00S,2,1610612759,SAS,1628380,Collins,Z. Collins,18,9,2,Made,1,39,31,70,h,Collins 2' Driving Layup (5 PTS) (Branham 4 AST),Made Shot,Driving Layup Shot,1,2,169
0022300877,232,PT06M02.00S,2,1610612754,IND,1626167,Turner,M. Turner,18,7,2,Missed,1,,,0,v,MISS Turner 2' Layup,Missed Shot,Layup Shot,1,2,170
0022300877,233,PT06M02.00S,2,0,,1610612754,,,0,0,0,,0,,,0,v,Pacers Rebound,Rebound,Unknown,1,0,171
0022300877,234,PT06M02.00S,2,1610612759,SAS,1631110,Sochan,J. Sochan,0,0,0,,0,,,0,h,Sochan L.B.FOUL (P1.T3) (C.Kirkland),Foul,Loose Ball,1,0,172
0022300877,236,PT06M02.00S,2,1610612759,SAS,1629640,Johnson,K. Johnson,0,0,0,,0,,,0,h,SUB: Vassell FOR Johnson,Substitution,,0,0,173
0022300877,238,PT05M53.00S,2,1610612754,IND,1630174,Nesmith,A. Nesmith,0,0,0,,0,,,0,v,Nesmith Out of Bounds Lost Ball Turnover (P2.T7),Turnover,Out of Bounds Lost Ball Turnover,1,0,174
0022300877,239,PT05M36.00S,2,1610612759,SAS,1630170,Vassell,D. Vassell,-21,5,2,Missed,1,,,0,h,MISS Vassell 2' Driving Finger Roll Layup,Missed Shot,Driving Finger Roll Layup Shot,1,2,175
0022300877,239,PT05M36.00S,2,1610612754,IND,1626167,Turner,M. Turner,0,0,0,,0,,,0,v,Turner BLOCK (1 BLK),,,1,2,176
0022300877,241,PT05M33.00S,2,1610612754,IND,1626167,Turner,M. Turner,0,0,0,,0,,,0,v,Turner REBOUND (Off:1 Def:1),Rebound,Unknown,1,0,177
0022300877,242,PT05M31.00S,2,1610612754,IND,1627783,Siakam,P. Siakam,1,5,1,Made,1,39,33,72,v,Siakam 1' Running Alley Oop Dunk Shot (9 PTS) (McConnell 3 AST),Made Shot,Running Alley Oop Dunk Shot,1,2,178
0022300877,244,PT05M18.00S,2,1610612759,SAS,1630200,Jones,T. Jones,17,-1,2,Missed,1,,,0,h,MISS Jones 2' Driving Finger Roll Layup,Missed Shot,Driving Finger Roll Layup Shot,1,2,179
0022300877,248,PT05M16.00S,2,0,,1610612759,,,0,0,0,,0,,,0,h,SPURS Rebound,Rebound,Unknown,1,0,180
0022300877,245,PT05M16.00S,2,1610612759,SAS,1628380,Collins,Z. Collins,0,0,0,,0,,,0,h,Jump Ball Collins vs. Turner: Tip to Jones,Jump Ball,,1,0,181
0022300877,255,PT05M16.00S,2,1610612754,IND,204456,McConnell,T. McConnell,0,0,0,,0,,,0,v,SUB: Nembhard FOR McConnell,Substitution,,0,0,182
0022300877,256,PT05M16.00S,2,1610612754,IND,1630174,Nesmith,A. Nesmith,0,0,0,,0,,,0,v,SUB: Mathurin FOR Nesmith,Substitution,,0,0,183
0022300877,249,PT05M04.00S,2,1610612759,SAS,1628380,Collins,Z. Collins,21,-1,2,Made,1,41,33,74,h,Collins 2' Driving Layup (7 PTS) (Jones 3 AST),Made Shot,Driving Layup Shot,1,2,184
0022300877,251,PT04M51.00S,2,1610612754,IND,1629614,Nembhard,A. Nembhard,13,0,1,Missed,1,,,0,v,MISS Nembhard 1' Driving Layup,Missed Shot,Driving Layup Shot,1,2,185
0022300877,252,PT04M51.00S,2,1610612754,IND,1626167,Turner,M. Turner,0,0,0,,0,,,0,v,Turner REBOUND (Off:2 Def:1),Rebound,Unknown,1,0,186
0022300877,253,PT04M47.00S,2,1610612754,IND,1626167,Turner,M. Turner,-21,16,3,Missed,1,,,0,v,MISS Turner 3' Hook Shot,Missed Shot,Hook Shot,1,2,187
0022300877,254,PT04M44.00S,2,1610612759,SAS,1631103,Branham,M. Branham,0,0,0,,0,,,0,h,Branham REBOUND (Off:0 Def:3),Rebound,Unknown,1,0,188
0022300877,259,PT04M41.00S,2,1610612759,SAS,1631103,Branham,M. Branham,151,197,25,Missed,1,,,0,h,MISS Branham 25' 3PT Running Pull-Up Jump Shot,Missed Shot,Running Pull-Up Jump Shot,1,3,189
0022300877,260,PT04M37.00S,2,1610612754,IND,1631097,Mathurin,B. Mathurin,0,0,0,,0,,,0,v,Mathurin REBOUND (Off:0 Def:1),Rebound,Unknown,1,0,190
0022300877,261,PT04M32.00S,2,1610612754,IND,1629614,Nembhard,A. Nembhard,0,0,0,,0,,,0,v,Nembhard Lost Ball Turnover (P1.T8),Turnover,Lost Ball,1,0,191
0022300877,261,PT04M32.00S,2,1610612759,SAS,1631103,Branham,M. Branham,0,0,0,,0,,,0,h,Branham STEAL (1 STL),,,1,0,192
0022300877,263,PT04M21.00S,2,1610612759,SAS,1631103,Branham,M. Branham,13,73,7,Missed,1,,,0,h,MISS Branham 7' Driving Floating Jump Shot,Missed Shot,Driving Floating Jump Shot,1,2,193
0022300877,264,PT04M20.00S,2,1610612759,SAS,1631103,Branham,M. Branham,0,0,0,,0,,,0,h,Branham REBOUND (Off:1 Def:3),Rebound,Unknown,1,0,194
0022300877,265,PT04M16.00S,2,1610612759,SAS,1631110,Sochan,J. Sochan,6,26,3,Missed,1,,,0,h,MISS Sochan 3' Driving Finger Roll Layup,Missed Shot,Driving Finger Roll Layup Shot,1,2,195
0022300877,266,PT04M15.00S,2,1610612759,SAS,1631110,Sochan,J. Sochan,0,0,0,,0,,,0,h,Sochan REBOUND (Off:1 Def:3),Rebound,Unknown,1,0,196
0022300877,267,PT04M07.00S,2,1610612759,SAS,1631103,Branham,M. Branham,26,5,3,Made,1,43,33,76,h,Branham 3' Driving Finger Roll Layup (7 PTS),Made Shot,Driving Finger Roll Layup Shot,1,2,197
0022300877,268,PT04M07.00S,2,0,,1610612754,,,0,0,0,,0,,,0,v,Pacers Timeout: Regular (Reg.3 Short 0),Timeout,Regular,0,0,198
0022300877,269,PT03M56.00S,2,1610612754,IND,1630169,Haliburton,T. Haliburton,1,64,6,Missed,1,,,0,v,MISS Haliburton 6' Driving Floating Jump Shot,Missed Shot,Driving Floating Jump Shot,1,2,199
0022300877,269,PT03M56.00S,2,1610612759,SAS,1630200,Jones,T. Jones,0,0,0,,0,,,0,h,Jones BLOCK (1 BLK),,,1,2,200
0022300877,271,PT03M54.00S,2,1610612754,IND,1630169,Haliburton,T. Haliburton,0,0,0,,0,,,0,v,Haliburton REBOUND (Off:1 Def:2),Rebound,Unknown,1,0,201
0022300877,272,PT03M54.00S,2,1610612754,IND,1630169,Haliburton,T. Haliburton,0,0,0,Made,1,43,35,78,v,Haliburton Putback Layup (4 PTS),Made Shot,Putback Layup Shot,1,2,202
0022300877,273,PT03M39.00S,2,1610612759,SAS,1631103,Branham,M. Branham,20,8,2,Made,1,45,35,80,h,Branham 2' Driving Finger Roll Layup (9 PTS),Made Shot,Driving Finger Roll Layup Shot,1,2,203
0022300877,274,PT03M31.00S,2,1610612754,IND,1629614,Nembhard,A. Nembhard,-12,-1,1,Made,1,45,37,82,v,Nembhard 1' Cutting Finger Roll Layup Shot (2 PTS) (Haliburton 4 AST),Made Shot,Cutting Finger Roll Layup Shot,1,2,204
0022300877,276,PT03M08.00S,2,1610612759,SAS,1631110,Sochan,J. Sochan,-6,17,2,Made,1,47,37,84,h,Sochan 2' Cutting Layup Shot (4 PTS) (Collins 2 AST),Made Shot,Cutting Layup Shot,1,2,205
0022300877,278,PT02M43.00S,2,1610612754,IND,1627783,Siakam,P. Siakam,-22,7,2,Missed,1,,,0,v,MISS Siakam 2' Driving Finger Roll Layup,Missed Shot,Driving Finger Roll Layup Shot,1,2,206
0022300877,279,PT02M43.00S,2,1610612754,IND,1627783,Siakam,P. Siakam,0,0,0,,0,,,0,v,Siakam REBOUND (Off:1 Def:4),Rebound,Unknown,1,0,207
0022300877,280,PT02M40.00S,2,1610612754,IND,1627783,Siakam,P. Siakam,0,0,0,Made,1,47,39,86,v,Siakam Tip Layup Shot (11 PTS),Made Shot,Tip Layup Shot,1,2,208
0022300877,281,PT02M31.00S,2,1610612759,SAS,1631103,Branham,M. Branham,0,0,0,,0,,,0,h,Branham Bad Pass Turnover (P1.T7),Turnover,Bad Pass,1,0,209
0022300877,281,PT02M31.00S,2,1610612754,IND,1631097,Mathurin,B. Mathurin,0,0,0,,0,,,0,v,Mathurin STEAL (1 STL),,,1,0,210
0022300877,283,PT02M27.00S,2,1610612759,SAS,1631110,Sochan,J. Sochan,0,0,0,,0,,,0,h,Sochan S.FOUL (P2.T4) (C.Kirkland),Foul,Shooting,1,0,211
0022300877,285,PT02M27.00S,2,1610612754,IND,1631097,Mathurin,B. Mathurin,0,0,0,,0,47,40,87,v,Mathurin Free Throw 1 of 2 (2 PTS),Free Throw,Free Throw 1 of 2,1,0,212
0022300877,286,PT02M27.00S,2,1610612759,SAS,1631103,Branham,M. Branham,0,0,0,,0,,,0,h,SUB: Wembanyama FOR Branham,Substitution,,0,0,213
0022300877,287,PT02M27.00S,2,1610612759,SAS,1628380,Collins,Z. Collins,0,0,0,,0,,,0,h,SUB: Johnson FOR Collins,Substitution,,0,0,214
0022300877,290,PT02M27.00S,2,1610612754,IND,1631097,Mathurin,B. Mathurin,0,0,0,,0,47,41,88,v,Mathurin Free Throw 2 of 2 (3 PTS),Free Throw,Free Throw 2 of 2,1,0,215
0022300877,291,PT02M16.00S,2,1610612759,SAS,1641705,Wembanyama,V. Wembanyama,-69,73,10,Missed,1,,,0,h,MISS Wembanyama 10' Turnaround Bank Shot,Missed Shot,Turnaround Bank shot,1,2,216
0022300877,292,PT02M14.00S,2,1610612754,IND,1630169,Haliburton,T. Haliburton,0,0,0,,0,,,0,v,Haliburton REBOUND (Off:1 Def:3),Rebound,Unknown,1,0,217
0022300877,293,PT02M06.00S,2,1610612754,IND,1627783,Siakam,P. Siakam,0,0,0,,0,,,0,v,Siakam Bad Pass Turnover (P1.T9),Turnover,Bad Pass,1,0,218
0022300877,293,PT02M06.00S,2,1610612759,SAS,1630170,Vassell,D. Vassell,0,0,0,,0,,,0,h,Vassell STEAL (2 STL),,,1,0,219
0022300877,295,PT02M02.00S,2,1610612759,SAS,1630170,Vassell,D. Vassell,-6,3,1,Made,1,49,41,90,h,Vassell 1' Running Finger Roll Layup (10 PTS),Made Shot,Running Finger Roll Layup Shot,1,2,220
0022300877,296,PT01M49.00S,2,1610612754,IND,1631097,Mathurin,B. Mathurin,-45,8,5,Made,1,49,43,92,v,Mathurin 5' Driving Floating Bank Jump Shot (5 PTS),Made Shot,Driving Floating Bank Jump Shot,1,2,221
0022300877,297,PT01M49.00S,2,1610612759,SAS,1629640,Johnson,K. Johnson,0,0,0,,0,,,0,h,Johnson S.FOUL (P2.PN) (B.Nansel),Foul,Shooting,1,0,222
0022300877,299,PT01M49.00S,2,1610612754,IND,1631097,Mathurin,B. Mathurin,0,0,0,,0,49,44,93,v,Mathurin Free Throw 1 of 1 (6 PTS),Free Throw,Free Throw 1 of 1,1,0,223
0022300877,300,PT01M38.00S,2,1610612759,SAS,1630170,Vassell,D. Vassell,0,0,0,,0,,,0,h,Vassell Traveling Turnover (P2.T8),Turnover,Traveling,1,0,224
0022300877,301,PT01M30.00S,2,1610612759,SAS,1629640,Johnson,K. Johnson,0,0,0,,0,,,0,h,Johnson S.FOUL (P3.PN) (C.Kirkland),Foul,Shooting,1,0,225
0022300877,303,PT01M30.00S,2,1610612754,IND,1631097,Mathurin,B. Mathurin,0,0,0,,0,,,0,v,MISS Mathurin Free Throw 1 of 2,Free Throw,Free Throw 1 of 2,1,0,226
0022300877,304,PT01M30.00S,2,0,,1610612754,,,0,0,0,,0,,,0,v,Pacers Rebound,Rebound,Normal Rebound,1,0,227
0022300877,305,PT01M30.00S,2,1610612754,IND,1631097,Mathurin,B. Mathurin,0,0,0,,0,49,45,94,v,Mathurin Free Throw 2 of 2 (7 PTS),Free Throw,Free Throw 2 of 2,1,0,228
0022300877,306,PT01M20.00S,2,1610612759,SAS,1630170,Vassell,D. Vassell,-113,221,25,Missed,1,,,0,h,MISS Vassell 25' 3PT Jump Shot,Missed Shot,Jump Shot,1,3,229
0022300877,307,PT01M14.00S,2,1610612754,IND,1626167,Turner,M. Turner,0,0,0,,0,,,0,v,Turner REBOUND (Off:2 Def:2),Rebound,Unknown,1,0,230
0022300877,308,PT01M05.00S,2,1610612754,IND,1629614,Nembhard,A. Nembhard,29,258,26,Made,1,49,48,97,v,Nembhard 26' 3PT Pullup Jump Shot (5 PTS) (Mathurin 2 AST),Made Shot,Pullup Jump shot,1,3,231
0022300877,310,PT00M49.80S,2,1610612759,SAS,1630170,Vassell,D. Vassell,-12,0,1,Missed,1,,,0,h,MISS Vassell 1' Driving Layup,Missed Shot,Driving Layup Shot,1,2,232
0022300877,312,PT00M47.20S,2,1610612759,SAS,1630170,Vassell,D. Vassell,0,0,0,,0,,,0,h,Vassell REBOUND (Off:1 Def:3),Rebound,Unknown,1,0,233
0022300877,326,PT00M47.20S,2,1610612759,SAS,1630170,Vassell,D. Vassell,0,0,0,,0,,,0,h,Vassell Bad Pass Turnover (P3.T9),Turnover,Bad Pass,1,0,234
0022300877,326,PT00M47.20S,2,1610612754,IND,1629614,Nembhard,A. Nembhard,0,0,0,,0,,,0,v,Nembhard STEAL (2 STL),,,1,0,235
0022300877,313,PT00M46.20S,2,1610612759,SAS,1630200,Jones,T. Jones,0,0,0,,0,,,0,h, ,Jump Ball,,1,0,236
0022300877,316,PT00M33.80S,2,1610612754,IND,1629614,Nembhard,A. Nembhard,86,147,17,Missed,1,,,0,v,MISS Nembhard 17' Step Back Jump Shot,Missed Shot,Step Back Jump shot,1,2,237
0022300877,317,PT00M31.30S,2,1610612759,SAS,1629640,Johnson,K. Johnson,0,0,0,,0,,,0,h,Johnson REBOUND (Off:1 Def:2),Rebound,Unknown,1,0,238
0022300877,318,PT00M24.90S,2,1610612759,SAS,1641705,Wembanyama,V. Wembanyama,-224,-12,0,Made,1,52,48,100,h,Wembanyama 3PT Jump Shot (15 PTS) (Johnson 2 AST),Made Shot,Jump Shot,1,3,239
0022300877,320,PT00M03.20S,2,1610612754,IND,1626167,Turner,M. Turner,228,-19,0,Missed,1,,,0,v,MISS Turner 3PT Jump Shot,Missed Shot,Jump Shot,1,3,240
0022300877,321,PT00M01.10S,2,1610612759,SAS,1630170,Vassell,D. Vassell,0,0,0,,0,,,0,h,Vassell REBOUND (Off:1 Def:4),Rebound,Unknown,1,0,241
0022300877,322,PT00M00.00S,2,1610612759,SAS,1630170,Vassell,D. Vassell,75,470,48,Missed,1,,,0,h,MISS Vassell 48' 3PT Driving Floating Jump Shot,Missed Shot,Driving Floating Jump Shot,1,3,242
0022300877,323,PT00M00.00S,2,0,,1610612759,,,0,0,0,,0,,,0,h,SPURS Rebound,Rebound,Unknown,1,0,243
0022300877,324,PT00M00.00S,2,0,,0,,,0,0,0,,0,52,48,100,,End of 2nd Period (8:08 PM EST),period,end,1,0,244
0022300877,332,PT12M00.00S,3,0,,0,,,0,0,0,,0,52,48,100,,Start of 3rd Period (8:24 PM EST),period,start,0,0,245
0022300877,333,PT11M47.00S,3,1610612754,IND,1629614,Nembhard,A. Nembhard,-17,0,2,Missed,1,,,0,v,MISS Nembhard 2' Driving Finger Roll Layup,Missed Shot,Driving Finger Roll Layup Shot,1,2,246
0022300877,333,PT11M47.00S,3,1610612759,SAS,1641705,Wembanyama,V. Wembanyama,0,0,0,,0,,,0,h,Wembanyama BLOCK (3 BLK),,,1,2,247
0022300877,335,PT11M45.00S,3,1610612759,SAS,1641705,Wembanyama,V. Wembanyama,0,0,0,,0,,,0,h,Wembanyama REBOUND (Off:1 Def:5),Rebound,Unknown,1,0,248
0022300877,336,PT11M42.00S,3,1610612759,SAS,1631103,Branham,M. Branham,225,13,0,Missed,1,,,0,h,MISS Branham 3PT Running Jump Shot,Missed Shot,Running Jump Shot,1,3,249
0022300877,337,PT11M39.00S,3,1610612754,IND,1626167,Turner,M. Turner,0,0,0,,0,,,0,v,Turner REBOUND (Off:2 Def:3),Rebound,Unknown,1,0,250
0022300877,338,PT11M24.00S,3,1610612754,IND,1630169,Haliburton,T. Haliburton,17,94,10,Made,1,52,50,102,v,Haliburton 10' Floating Jump Shot (6 PTS),Made Shot,Floating Jump shot,1,2,251
0022300877,339,PT11M19.00S,3,1610612759,SAS,1641705,Wembanyama,V. Wembanyama,0,0,0,,0,,,0,h,Wembanyama Bad Pass Turnover (P3.T10),Turnover,Bad Pass,1,0,252
0022300877,339,PT11M19.00S,3,1610612754,IND,1629614,Nembhard,A. Nembhard,0,0,0,,0,,,0,v,Nembhard STEAL (3 STL),,,1,0,253
0022300877,341,PT11M15.00S,3,1610612754,IND,1630174,Nesmith,A. Nesmith,21,6,2,Missed,1,,,0,v,MISS Nesmith 2' Layup,Missed Shot,Layup Shot,1,2,254
0022300877,341,PT11M15.00S,3,1610612759,SAS,1631110,Sochan,J. Sochan,0,0,0,,0,,,0,h,Sochan BLOCK (1 BLK),,,1,2,255
0022300877,343,PT11M12.00S,3,1610612759,SAS,1631110,Sochan,J. Sochan,0,0,0,,0,,,0,h,Sochan REBOUND (Off:1 Def:4),Rebound,Unknown,1,0,256
0022300877,344,PT11M00.00S,3,1610612759,SAS,1641705,Wembanyama,V. Wembanyama,110,-11,11,Made,1,54,50,104,h,Wembanyama 11' Turnaround Jump Shot (17 PTS) (Vassell 2 AST),Made Shot,Turnaround Jump Shot,1,2,257
0022300877,346,PT10M45.00S,3,1610612754,IND,1627783,Siakam,P. Siakam,-23,3,2,Made,1,54,52,106,v,Siakam 2' Layup (13 PTS) (Nesmith 1 AST),Made Shot,Layup Shot,1,2,258
0022300877,348,PT10M28.00S,3,1610612759,SAS,1631110,Sochan,J. Sochan,12,97,10,Missed,1,,,0,h,MISS Sochan 10' Fadeaway Jumper,Missed Shot,Fadeaway Jump Shot,1,2,259
0022300877,349,PT10M26.00S,3,1610612754,IND,1626167,Turner,M. Turner,0,0,0,,0,,,0,v,Turner REBOUND (Off:2 Def:4),Rebound,Unknown,1,0,260
0022300877,350,PT10M24.00S,3,1610612754,IND,1627783,Siakam,P. Siakam,227,135,26,Missed,1,,,0,v,MISS Siakam 26' 3PT Running Jump Shot,Missed Shot,Running Jump Shot,1,3,261
0022300877,351,PT10M20.00S,3,1610612754,IND,1629614,Nembhard,A. Nembhard,0,0,0,,0,,,0,v,Nembhard REBOUND (Off:1 Def:1),Rebound,Unknown,1,0,262
0022300877,352,PT10M15.00S,3,1610612754,IND,1630169,Haliburton,T. Haliburton,131,248,28,Missed,1,,,0,v,MISS Haliburton 28' 3PT Jump Shot,Missed Shot,Jump Shot,1,3,263
0022300877,353,PT10M14.00S,3,1610612754,IND,1630169,Haliburton,T. Haliburton,0,0,0,,0,,,0,v,Haliburton REBOUND (Off:2 Def:3),Rebound,Unknown,1,0,264
0022300877,354,PT10M08.00S,3,1610612754,IND,1626167,Turner,M. Turner,-96,231,25,Made,1,54,55,109,v,Turner 25' 3PT Jump Shot (6 PTS) (Nembhard 1 AST),Made Shot,Jump Shot,1,3,265
0022300877,356,PT09M51.00S,3,1610612759,SAS,1630170,Vassell,D. Vassell,-12,167,17,Missed,1,,,0,h,MISS Vassell 17' Pullup Jump Shot,Missed Shot,Pullup Jump shot,1,2,266
0022300877,357,PT09M49.00S,3,1610612754,IND,1626167,Turner,M. Turner,0,0,0,,0,,,0,v,Turner REBOUND (Off:2 Def:5),Rebound,Unknown,1,0,267
0022300877,358,PT09M39.00S,3,1610612754,IND,1630174,Nesmith,A. Nesmith,191,183,26,Missed,1,,,0,v,MISS Nesmith 26' 3PT Jump Shot,Missed Shot,Jump Shot,1,3,268
0022300877,359,PT09M37.00S,3,0,,1610612754,,,0,0,0,,0,,,0,v,Pacers Rebound,Rebound,Unknown,1,0,269
0022300877,361,PT09M29.00S,3,1610612754,IND,1626167,Turner,M. Turner,4,19,2,Made,1,54,57,111,v,Turner 2' Driving Finger Roll Layup (8 PTS) (Nesmith 2 AST),Made Shot,Driving Finger Roll Layup Shot,1,2,270
0022300877,363,PT09M29.00S,3,0,,1610612759,,,0,0,0,,0,,,0,h,SPURS Timeout: Regular (Full 3 Short 0),Timeout,Regular,0,0,271
0022300877,364,PT09M03.00S,3,1610612759,SAS,1630170,Vassell,D. Vassell,0,63,6,Made,1,56,57,113,h,Vassell 6' Floating Jump Shot (12 PTS) (Wembanyama 2 AST),Made Shot,Floating Jump shot,1,2,272
0022300877,366,PT08M41.00S,3,1610612754,IND,1630169,Haliburton,T. Haliburton,-4,10,1,Missed,1,,,0,v,MISS Haliburton 1' Driving Layup,Missed Shot,Driving Layup Shot,1,2,273
0022300877,366,PT08M41.00S,3,1610612759,SAS,1641705,Wembanyama,V. Wembanyama,0,0,0,,0,,,0,h,Wembanyama BLOCK (4 BLK),,,1,2,274
0022300877,368,PT08M35.00S,3,1610612754,IND,1629614,Nembhard,A. Nembhard,0,0,0,,0,,,0,v,Nembhard REBOUND (Off:2 Def:1),Rebound,Unknown,1,0,275
0022300877,369,PT08M35.00S,3,1610612754,IND,1629614,Nembhard,A. Nembhard,0,0,0,Made,1,56,59,115,v,Nembhard Putback Layup (7 PTS),Made Shot,Putback Layup Shot,1,2,276
0022300877,370,PT08M27.00S,3,1610612759,SAS,1631103,Branham,M. Branham,6,-6,1,Made,1,58,59,117,h,Branham 1' Layup (11 PTS) (Wembanyama 3 AST),Made Shot,Layup Shot,1,2,277
0022300877,372,PT08M13.00S,3,1610612754,IND,1627783,Siakam,P. Siakam,2,-4,0,Made,1,58,61,119,v,Siakam Driving Layup (15 PTS) (Haliburton 5 AST),Made Shot,Driving Layup Shot,1,2,278
0022300877,374,PT07M47.00S,3,1610612759,SAS,1631110,Sochan,J. Sochan,33,142,15,Made,1,60,61,121,h,Sochan 15' Jump Shot (6 PTS) (Wembanyama 4 AST),Made Shot,Jump Shot,1,2,279
0022300877,376,PT07M34.00S,3,1610612754,IND,1630169,Haliburton,T. Haliburton,206,177,27,Missed,1,,,0,v,MISS Haliburton 27' 3PT Pullup Jump Shot,Missed Shot,Pullup Jump shot,1,3,280
0022300877,377,PT07M31.00S,3,1610612759,SAS,1641705,Wembanyama,V. Wembanyama,0,0,0,,0,,,0,h,Wembanyama REBOUND (Off:1 Def:6),Rebound,Unknown,1,0,281
0022300877,378,PT07M26.00S,3,1610612759,SAS,1641705,Wembanyama,V. Wembanyama,-153,227,27,Missed,1,,,0,h,MISS Wembanyama 27' 3PT Jump Shot,Missed Shot,Jump Shot,1,3,282
0022300877,379,PT07M22.00S,3,1610612754,IND,1626167,Turner,M. Turner,0,0,0,,0,,,0,v,Turner REBOUND (Off:2 Def:6),Rebound,Unknown,1,0,283
0022300877,381,PT07M15.00S,3,1610612754,IND,1627783,Siakam,P. Siakam,-21,-1,2,Made,1,60,63,123,v,Siakam 2' Layup (17 PTS) (Haliburton 6 AST),Made Shot,Layup Shot,1,2,284
0022300877,383,PT07M01.00S,3,1610612754,IND,1626167,Turner,M. Turner,0,0,0,,0,,,0,v,Turner S.FOUL (P1.T1) (B.Adair),Foul,Shooting,1,0,285
0022300877,385,PT07M01.00S,3,1610612759,SAS,1631103,Branham,M. Branham,0,0,0,,0,61,63,124,h,Branham Free Throw 1 of 2 (12 PTS),Free Throw,Free Throw 1 of 2,1,0,286
0022300877,386,PT07M01.00S,3,1610612759,SAS,1631103,Branham,M. Branham,0,0,0,,0,62,63,125,h,Branham Free Throw 2 of 2 (13 PTS),Free Throw,Free Throw 2 of 2,1,0,287
0022300877,387,PT06M42.00S,3,1610612754,IND,1630174,Nesmith,A. Nesmith,28,15,3,Missed,1,,,0,v,MISS Nesmith 3' Driving Layup,Missed Shot,Driving Layup Shot,1,2,288
0022300877,387,PT06M42.00S,3,1610612759,SAS,1641705,Wembanyama,V. Wembanyama,0,0,0,,0,,,0,h,Wembanyama BLOCK (5 BLK),,,1,2,289
0022300877,389,PT06M39.00S,3,1610612759,SAS,1630170,Vassell,D. Vassell,0,0,0,,0,,,0,h,Vassell REBOUND (Off:1 Def:5),Rebound,Unknown,1,0,290
0022300877,390,PT06M32.00S,3,1610612759,SAS,1631103,Branham,M. Branham,20,-1,2,Missed,1,,,0,h,MISS Branham 2' Driving Layup,Missed Shot,Driving Layup Shot,1,2,291
0022300877,391,PT06M31.00S,3,1610612759,SAS,1641705,Wembanyama,V. Wembanyama,0,0,0,,0,,,0,h,Wembanyama REBOUND (Off:2 Def:6),Rebound,Unknown,1,0,292
0022300877,392,PT06M27.00S,3,1610612759,SAS,1631103,Branham,M. Branham,227,-14,0,Made,1,65,63,128,h,Branham 3PT Jump Shot (16 PTS) (Wembanyama 5 AST),Made Shot,Jump Shot,1,3,293
0022300877,394,PT06M14.00S,3,1610612754,IND,1626167,Turner,M. Turner,20,4,2,Missed,1,,,0,v,MISS Turner 2' Driving Finger Roll Layup,Missed Shot,Driving Finger Roll Layup Shot,1,2,294
0022300877,395,PT06M12.00S,3,1610612759,SAS,1641705,Wembanyama,V. Wembanyama,0,0,0,,0,,,0,h,Wembanyama REBOUND (Off:2 Def:7),Rebound,Unknown,1,0,295
0022300877,396,PT06M06.00S,3,1610612759,SAS,1641705,Wembanyama,V. Wembanyama,-147,223,27,Made,1,68,63,131,h,Wembanyama 27' 3PT Step Back Jump Shot (20 PTS),Made Shot,Step Back Jump shot,1,3,296
0022300877,397,PT06M06.00S,3,0,,1610612754,,,0,0,0,,0,,,0,v,Pacers Timeout: Regular (Reg.4 Short 0),Timeout,Regular,0,0,297
0022300877,398,PT06M06.00S,3,1610612754,IND,1630174,Nesmith,A. Nesmith,0,0,0,,0,,,0,v,SUB: Mathurin FOR Nesmith,Substitution,,0,0,298
0022300877,400,PT05M51.00S,3,1610612754,IND,1629614,Nembhard,A. Nembhard,0,0,0,,0,,,0,v,Nembhard Lost Ball Turnover (P2.T10),Turnover,Lost Ball,1,0,299
0022300877,400,PT05M51.00S,3,1610612759,SAS,1641705,Wembanyama,V. Wembanyama,0,0,0,,0,,,0,h,Wembanyama STEAL (1 STL),,,1,0,300
0022300877,403,PT05M39.00S,3,1610612759,SAS,1641705,Wembanyama,V. Wembanyama,100,-22,10,Missed,1,,,0,h,MISS Wembanyama 10' Fadeaway Jumper,Missed Shot,Fadeaway Jump Shot,1,2,301
0022300877,404,PT05M37.00S,3,1610612754,IND,1627783,Siakam,P. Siakam,0,0,0,,0,,,0,v,Siakam REBOUND (Off:1 Def:5),Rebound,Unknown,1,0,302
0022300877,405,PT05M33.00S,3,1610612759,SAS,1641705,Wembanyama,V. Wembanyama,0,0,0,,0,,,0,h,Wembanyama P.FOUL (P1.T1) (C.Kirkland),Foul,Personal,1,0,303
0022300877,407,PT05M25.00S,3,1610612754,IND,1626167,Turner,M. Turner,227,22,0,Missed,1,,,0,v,MISS Turner 3PT Jump Shot,Missed Shot,Jump Shot,1,3,304
0022300877,408,PT05M22.00S,3,1610612759,SAS,1630170,Vassell,D. Vassell,0,0,0,,0,,,0,h,Vassell REBOUND (Off:1 Def:6),Rebound,Unknown,1,0,305
0022300877,409,PT05M03.00S,3,1610612759,SAS,1641705,Wembanyama,V. Wembanyama,-13,254,25,Made,1,71,63,134,h,Wembanyama 25' 3PT Step Back Jump Shot (23 PTS) (Vassell 3 AST),Made Shot,Step Back Jump shot,1,3,306
0022300877,411,PT04M51.00S,3,1610612754,IND,1630169,Haliburton,T. Haliburton,17,5,2,Made,1,71,65,136,v,Haliburton 2' Driving Layup (8 PTS),Made Shot,Driving Layup Shot,1,2,307
0022300877,412,PT04M34.00S,3,1610612759,SAS,1631103,Branham,M. Branham,-15,6,2,Made,1,73,65,138,h,Branham 2' Cutting Layup Shot (18 PTS) (Sochan 2 AST),Made Shot,Cutting Layup Shot,1,2,308
0022300877,414,PT04M21.00S,3,1610612754,IND,1630169,Haliburton,T. Haliburton,-4,50,5,Missed,1,,,0,v,MISS Haliburton 5' Driving Floating Jump Shot,Missed Shot,Driving Floating Jump Shot,1,2,309
0022300877,415,PT04M19.00S,3,1610612754,IND,1630169,Haliburton,T. Haliburton,0,0,0,,0,,,0,v,Haliburton REBOUND (Off:3 Def:3),Rebound,Unknown,1,0,310
0022300877,416,PT04M19.00S,3,1610612759,SAS,1641705,Wembanyama,V. Wembanyama,0,0,0,,0,,,0,h,Wembanyama S.FOUL (P2.T2) (B.Nansel),Foul,Shooting,1,0,311
0022300877,419,PT04M19.00S,3,1610612759,SAS,1641705,Wembanyama,V. Wembanyama,0,0,0,,0,,,0,h,SUB: Johnson FOR Wembanyama,Substitution,,0,0,312
0022300877,420,PT04M19.00S,3,1610612759,SAS,1631103,Branham,M. Branham,0,0,0,,0,,,0,h,SUB: Wesley FOR Branham,Substitution,,0,0,313
0022300877,421,PT04M19.00S,3,1610612759,SAS,1630200,Jones,T. Jones,0,0,0,,0,,,0,h,SUB: Collins FOR Jones,Substitution,,0,0,314
0022300877,425,PT04M19.00S,3,0,,1610612754,,,0,0,0,,0,,,0,v,Pacers Timeout: Coach Challenge (Reg.4 Short 0),Timeout,Coach Challenge,0,0,315
0022300877,426,PT04M19.00S,3,0,,416,Burton,W. Burton,0,0,0,,0,73,65,138,,Instant Replay3rd Period (8:40 PM EST),Instant Replay,Coach Challenge Overturn Ruling,1,0,316
0022300877,427,PT04M19.00S,3,1610612754,IND,1629614,Nembhard,A. Nembhard,0,0,0,,0,,,0,v,SUB: Smith FOR Nembhard,Substitution,,0,0,317
0022300877,428,PT04M19.00S,3,1610612754,IND,1626167,Turner,M. Turner,0,0,0,,0,,,0,v,SUB: McConnell FOR Turner,Substitution,,0,0,318
0022300877,431,PT04M19.00S,3,1610612754,IND,1631097,Mathurin,B. Mathurin,0,0,0,,0,73,66,139,v,Mathurin Free Throw 1 of 2 (8 PTS),Free Throw,Free Throw 1 of 2,1,0,319
0022300877,432,PT04M19.00S,3,1610612754,IND,1631097,Mathurin,B. Mathurin,0,0,0,,0,73,67,140,v,Mathurin Free Throw 2 of 2 (9 PTS),Free Throw,Free Throw 2 of 2,1,0,320
0022300877,433,PT04M05.00S,3,1610612759,SAS,1628380,Collins,Z. Collins,-15,53,6,Made,1,75,67,142,h,Collins 6' Floating Jump Shot (9 PTS) (Vassell 4 AST),Made Shot,Floating Jump shot,1,2,321
0022300877,435,PT03M39.00S,3,1610612754,IND,1630188,Smith,J. Smith,143,215,26,Missed,1,,,0,v,MISS Smith 26' 3PT Jump Shot,Missed Shot,Jump Shot,1,3,322
0022300877,436,PT03M35.00S,3,1610612759,SAS,1630170,Vassell,D. Vassell,0,0,0,,0,,,0,h,Vassell REBOUND (Off:1 Def:7),Rebound,Unknown,1,0,323
0022300877,437,PT03M27.00S,3,1610612759,SAS,1630170,Vassell,D. Vassell,-104,4,10,Missed,1,,,0,h,MISS Vassell 10' Driving Floating Jump Shot,Missed Shot,Driving Floating Jump Shot,1,2,324
0022300877,438,PT03M25.00S,3,1610612759,SAS,1628380,Collins,Z. Collins,0,0,0,,0,,,0,h,Collins REBOUND (Off:1 Def:1),Rebound,Unknown,1,0,325
0022300877,439,PT03M21.00S,3,1610612759,SAS,1629640,Johnson,K. Johnson,224,97,24,Made,1,78,67,145,h,Johnson 24' 3PT Jump Shot (5 PTS) (Sochan 3 AST),Made Shot,Jump Shot,1,3,326
0022300877,441,PT03M12.00S,3,1610612759,SAS,1628380,Collins,Z. Collins,0,0,0,,0,,,0,h,Collins S.FOUL (P2.T3) (C.Kirkland),Foul,Shooting,1,0,327
0022300877,443,PT03M12.00S,3,1610612754,IND,1630188,Smith,J. Smith,0,0,0,,0,78,68,146,v,Smith Free Throw 1 of 2 (3 PTS),Free Throw,Free Throw 1 of 2,1,0,328
0022300877,444,PT03M12.00S,3,1610612759,SAS,1631110,Sochan,J. Sochan,0,0,0,,0,,,0,h,SUB: Osman FOR Sochan,Substitution,,0,0,329
0022300877,445,PT03M12.00S,3,1610612754,IND,1627783,Siakam,P. Siakam,0,0,0,,0,,,0,v,SUB: Toppin FOR Siakam,Substitution,,0,0,330
0022300877,448,PT03M12.00S,3,1610612754,IND,1630188,Smith,J. Smith,0,0,0,,0,78,69,147,v,Smith Free Throw 2 of 2 (4 PTS),Free Throw,Free Throw 2 of 2,1,0,331
0022300877,449,PT02M58.00S,3,1610612759,SAS,1628380,Collins,Z. Collins,-1,12,1,Made,1,80,69,149,h,Collins 1' Dunk (11 PTS) (Wesley 1 AST),Made Shot,Dunk Shot,1,2,332
0022300877,451,PT02M37.00S,3,1610612759,SAS,1630170,Vassell,D. Vassell,0,0,0,,0,,,0,h,Vassell S.FOUL (P1.T4) (B.Adair),Foul,Shooting,1,0,333
0022300877,453,PT02M37.00S,3,1610612754,IND,1630169,Haliburton,T. Haliburton,0,0,0,,0,80,70,150,v,Haliburton Free Throw 1 of 2 (9 PTS),Free Throw,Free Throw 1 of 2,0,0,334
0022300877,454,PT02M37.00S,3,1610612754,IND,1630169,Haliburton,T. Haliburton,0,0,0,,0,80,71,151,v,Haliburton Free Throw 2 of 2 (10 PTS),Free Throw,Free Throw 2 of 2,1,0,335
0022300877,455,PT02M24.00S,3,1610612759,SAS,1630170,Vassell,D. Vassell,43,112,12,Made,1,82,71,153,h,Vassell 12' Turnaround Jump Shot (14 PTS),Made Shot,Turnaround Jump Shot,1,2,336
0022300877,456,PT02M13.00S,3,1610612759,SAS,1631104,Wesley,B. Wesley,0,0,0,,0,,,0,h,Wesley P.FOUL (P2.PN) (B.Adair),Foul,Personal,1,0,337
0022300877,458,PT02M13.00S,3,1610612754,IND,1630169,Haliburton,T. Haliburton,0,0,0,,0,82,72,154,v,Haliburton Free Throw 1 of 2 (11 PTS),Free Throw,Free Throw 1 of 2,1,0,338
0022300877,459,PT02M13.00S,3,1610612754,IND,1630169,Haliburton,T. Haliburton,0,0,0,,0,82,73,155,v,Haliburton Free Throw 2 of 2 (12 PTS),Free Throw,Free Throw 2 of 2,1,0,339
0022300877,460,PT01M56.00S,3,1610612759,SAS,1629640,Johnson,K. Johnson,225,80,24,Missed,1,,,0,h,MISS Johnson 24' 3PT Jump Shot,Missed Shot,Jump Shot,1,3,340
0022300877,461,PT01M53.00S,3,1610612754,IND,1630188,Smith,J. Smith,0,0,0,,0,,,0,v,Smith REBOUND (Off:1 Def:5),Rebound,Unknown,1,0,341
0022300877,462,PT01M36.00S,3,1610612754,IND,1631097,Mathurin,B. Mathurin,127,-1,13,Made,1,82,75,157,v,Mathurin 13' Pullup Jump Shot (11 PTS),Made Shot,Pullup Jump shot,1,2,342
0022300877,463,PT01M20.00S,3,1610612754,IND,1630167,Toppin,O. Toppin,0,0,0,,0,,,0,v,Toppin S.FOUL (P1.T2) (C.Kirkland),Foul,Shooting,1,0,343
0022300877,465,PT01M20.00S,3,1610612759,SAS,1631104,Wesley,B. Wesley,0,0,0,,0,83,75,158,h,Wesley Free Throw 1 of 2 (6 PTS),Free Throw,Free Throw 1 of 2,1,0,344
0022300877,466,PT01M20.00S,3,1610612759,SAS,1631104,Wesley,B. Wesley,0,0,0,,0,84,75,159,h,Wesley Free Throw 2 of 2 (7 PTS),Free Throw,Free Throw 2 of 2,1,0,345
0022300877,467,PT01M11.00S,3,1610612754,IND,1630169,Haliburton,T. Haliburton,134,232,27,Missed,1,,,0,v,MISS Haliburton 27' 3PT Step Back Jump Shot,Missed Shot,Step Back Jump shot,1,3,346
0022300877,468,PT01M08.00S,3,1610612754,IND,204456,McConnell,T. McConnell,0,0,0,,0,,,0,v,McConnell REBOUND (Off:1 Def:1),Rebound,Unknown,1,0,347
0022300877,469,PT00M58.30S,3,1610612754,IND,1630169,Haliburton,T. Haliburton,74,178,19,Missed,1,,,0,v,MISS Haliburton 19' Step Back Jump Shot,Missed Shot,Step Back Jump shot,1,2,348
0022300877,470,PT00M55.70S,3,1610612754,IND,1630188,Smith,J. Smith,0,0,0,,0,,,0,v,Smith REBOUND (Off:2 Def:5),Rebound,Unknown,1,0,349
0022300877,471,PT00M55.70S,3,0,,1610612754,,,0,0,0,,0,,,0,v,Pacers Turnover: Shot Clock (T#11),Turnover,Shot Clock Turnover,0,0,350
0022300877,472,PT00M55.70S,3,1610612754,IND,1630169,Haliburton,T. Haliburton,0,0,0,,0,,,0,v,SUB: Nesmith FOR Haliburton,Substitution,,0,0,351
0022300877,474,PT00M44.00S,3,1610612759,SAS,1629640,Johnson,K. Johnson,18,7,2,Missed,1,,,0,h,MISS Johnson 2' Layup,Missed Shot,Layup Shot,1,2,352
0022300877,474,PT00M44.00S,3,1610612754,IND,1631097,Mathurin,B. Mathurin,0,0,0,,0,,,0,v,Mathurin BLOCK (2 BLK),,,1,2,353
0022300877,476,PT00M41.90S,3,1610612759,SAS,1629640,Johnson,K. Johnson,0,0,0,,0,,,0,h,Johnson REBOUND (Off:2 Def:2),Rebound,Unknown,1,0,354
0022300877,477,PT00M41.90S,3,1610612759,SAS,1629640,Johnson,K. Johnson,0,0,0,Made,1,86,75,161,h,Johnson Putback Layup (7 PTS),Made Shot,Putback Layup Shot,1,2,355
0022300877,478,PT00M35.00S,3,1610612754,IND,204456,McConnell,T. McConnell,-114,29,12,Made,1,86,77,163,v,McConnell 12' Pullup Jump Shot (16 PTS),Made Shot,Pullup Jump shot,1,2,356
0022300877,479,PT00M24.70S,3,1610612759,SAS,1631104,Wesley,B. Wesley,0,0,0,,0,,,0,h,Wesley Bad Pass Turnover (P1.T11),Turnover,Bad Pass,1,0,357
0022300877,479,PT00M24.70S,3,1610612754,IND,204456,McConnell,T. McConnell,0,0,0,,0,,,0,v,McConnell STEAL (2 STL),,,1,0,358
0022300877,481,PT00M07.20S,3,1610612754,IND,204456,McConnell,T. McConnell,94,161,19,Missed,1,,,0,v,MISS McConnell 19' Pullup Jump Shot,Missed Shot,Pullup Jump shot,1,2,359
0022300877,482,PT00M03.80S,3,0,,1610612754,,,0,0,0,,0,,,0,v,Pacers Rebound,Rebound,Unknown,1,0,360
0022300877,484,PT00M03.80S,3,1610612759,SAS,1628380,Collins,Z. Collins,0,0,0,,0,,,0,h,SUB: Sochan FOR Collins,Substitution,,0,0,361
0022300877,486,PT00M00.00S,3,1610612754,IND,1631097,Mathurin,B. Mathurin,-85,63,11,Missed,1,,,0,v,MISS Mathurin 11' Pullup Jump Shot,Missed Shot,Pullup Jump shot,1,2,362
0022300877,487,PT00M00.00S,3,1610612759,SAS,1626224,Osman,C. Osman,0,0,0,,0,,,0,h,Osman REBOUND (Off:1 Def:2),Rebound,Unknown,1,0,363
0022300877,488,PT00M00.00S,3,0,,0,,,0,0,0,,0,86,77,163,,End of 3rd Period (8:52 PM EST),period,end,1,0,364
0022300877,495,PT12M00.00S,4,0,,0,,,0,0,0,,0,86,77,163,,Start of 4th Period (8:54 PM EST),period,start,0,0,365
0022300877,497,PT11M56.00S,4,1610612759,SAS,1629640,Johnson,K. Johnson,0,0,0,,0,,,0,h,Johnson Bad Pass Turnover (P1.T12),Turnover,Bad Pass,0,0,366
0022300877,497,PT11M56.00S,4,1610612754,IND,204456,McConnell,T. McConnell,0,0,0,,0,,,0,v,McConnell STEAL (3 STL),,,0,0,367
0022300877,499,PT11M56.00S,4,1610612759,SAS,1631104,Wesley,B. Wesley,0,0,0,,0,,,0,h,Wesley S.FOUL (P3.T1) (B.Adair),Foul,Shooting,1,0,368
0022300877,501,PT11M56.00S,4,1610612754,IND,1630174,Nesmith,A. Nesmith,0,0,0,,0,86,78,164,v,Nesmith Free Throw 1 of 2 (1 PTS),Free Throw,Free Throw 1 of 2,1,0,369
0022300877,502,PT11M56.00S,4,1610612754,IND,1630174,Nesmith,A. Nesmith,0,0,0,,0,86,79,165,v,Nesmith Free Throw 2 of 2 (2 PTS),Free Throw,Free Throw 2 of 2,1,0,370
0022300877,503,PT11M37.00S,4,1610612759,SAS,1629640,Johnson,K. Johnson,6,52,5,Made,1,88,79,167,h,Johnson 5' Driving Finger Roll Layup (9 PTS) (Branham 5 AST),Made Shot,Driving Finger Roll Layup Shot,1,2,371
0022300877,504,PT11M10.00S,4,1610612754,IND,1630174,Nesmith,A. Nesmith,131,62,14,Made,1,88,81,169,v,Nesmith 14' Pullup Jump Shot (4 PTS) (McConnell 4 AST),Made Shot,Pullup Jump shot,1,2,372
0022300877,507,PT10M50.00S,4,1610612759,SAS,1629640,Johnson,K. Johnson,-233,115,26,Made,1,91,81,172,h,Johnson 26' 3PT Jump Shot (12 PTS) (Branham 6 AST),Made Shot,Jump Shot,1,3,373
0022300877,509,PT10M34.00S,4,1610612759,SAS,1626224,Osman,C. Osman,0,0,0,,0,,,0,h,Osman S.FOUL (P2.T2) (B.Nansel),Foul,Shooting,1,0,374
0022300877,511,PT10M34.00S,4,1610612754,IND,1631097,Mathurin,B. Mathurin,0,0,0,,0,91,82,173,v,Mathurin Free Throw 1 of 2 (12 PTS),Free Throw,Free Throw 1 of 2,1,0,375
0022300877,512,PT10M34.00S,4,1610612754,IND,1631097,Mathurin,B. Mathurin,0,0,0,,0,,,0,v,MISS Mathurin Free Throw 2 of 2,Free Throw,Free Throw 2 of 2,1,0,376
0022300877,513,PT10M31.00S,4,1610612759,SAS,1626224,Osman,C. Osman,0,0,0,,0,,,0,h,Osman REBOUND (Off:1 Def:3),Rebound,Unknown,1,0,377
0022300877,514,PT10M17.00S,4,1610612759,SAS,1641705,Wembanyama,V. Wembanyama,-23,64,7,Made,1,93,82,175,h,Wembanyama 7' Fadeaway Jumper (25 PTS) (Wesley 2 AST),Made Shot,Fadeaway Jump Shot,1,2,378
0022300877,516,PT10M01.00S,4,1610612754,IND,1627783,Siakam,P. Siakam,-206,134,25,Missed,1,,,0,v,MISS Siakam 25' 3PT Jump Shot,Missed Shot,Jump Shot,1,3,379
0022300877,517,PT10M00.00S,4,0,,1610612759,,,0,0,0,,0,,,0,h,SPURS Rebound,Rebound,Unknown,1,0,380
0022300877,519,PT09M40.00S,4,1610612759,SAS,1631104,Wesley,B. Wesley,-16,12,2,Made,1,95,82,177,h,Wesley 2' Driving Layup (9 PTS) (Osman 2 AST),Made Shot,Driving Layup Shot,1,2,381
0022300877,521,PT09M25.00S,4,1610612754,IND,204456,McConnell,T. McConnell,88,38,10,Made,1,95,84,179,v,McConnell 10' Turnaround Jump Shot (18 PTS) (Siakam 1 AST),Made Shot,Turnaround Jump Shot,1,2,382
0022300877,523,PT09M09.00S,4,1610612754,IND,1630167,Toppin,O. Toppin,0,0,0,,0,,,0,v,Toppin P.FOUL (P2.T1) (B.Nansel),Foul,Personal,1,0,383
0022300877,525,PT08M58.00S,4,1610612759,SAS,1629640,Johnson,K. Johnson,50,73,9,Made,1,97,84,181,h,Johnson 9' Pullup Jump Shot (14 PTS),Made Shot,Pullup Jump shot,1,2,384
0022300877,526,PT08M40.00S,4,1610612754,IND,204456,McConnell,T. McConnell,71,30,8,Made,1,97,86,183,v,McConnell 8' Turnaround Jump Shot (20 PTS),Made Shot,Turnaround Jump Shot,1,2,385
0022300877,527,PT08M21.00S,4,1610612754,IND,1627783,Siakam,P. Siakam,0,0,0,,0,,,0,v,Siakam P.FOUL (P2.T2) (C.Kirkland),Foul,Personal,1,0,386
0022300877,529,PT08M21.00S,4,1610612759,SAS,1626224,Osman,C. Osman,0,0,0,,0,,,0,h,SUB: Sochan FOR Osman,Substitution,,0,0,387
0022300877,531,PT08M14.00S,4,1610612759,SAS,1631103,Branham,M. Branham,0,0,0,,0,,,0,h,Branham OFF.Foul (P1) (C.Kirkland),Foul,Offensive,1,0,388
0022300877,533,PT08M14.00S,4,1610612759,SAS,1631103,Branham,M. Branham,0,0,0,,0,,,0,h,Branham Offensive Foul Turnover (P2.T13),Turnover,Offensive Foul Turnover,1,0,389
0022300877,534,PT08M14.00S,4,1610612754,IND,1630167,Toppin,O. Toppin,0,0,0,,0,,,0,v,SUB: Turner FOR Toppin,Substitution,,0,0,390
0022300877,536,PT08M02.00S,4,1610612754,IND,1631097,Mathurin,B. Mathurin,115,220,25,Missed,1,,,0,v,MISS Mathurin 25' 3PT Pullup Jump Shot,Missed Shot,Pullup Jump shot,1,3,391
0022300877,537,PT07M58.00S,4,1610612759,SAS,1631110,Sochan,J. Sochan,0,0,0,,0,,,0,h,Sochan REBOUND (Off:1 Def:5),Rebound,Unknown,1,0,392
0022300877,538,PT07M49.00S,4,1610612759,SAS,1641705,Wembanyama,V. Wembanyama,-45,-6,5,Missed,1,,,0,h,MISS Wembanyama 5' Driving Floating Bank Jump Shot,Missed Shot,Driving Floating Bank Jump Shot,1,2,393
0022300877,539,PT07M47.00S,4,1610612754,IND,1626167,Turner,M. Turner,0,0,0,,0,,,0,v,Turner REBOUND (Off:2 Def:7),Rebound,Unknown,1,0,394
0022300877,540,PT07M42.00S,4,1610612754,IND,1626167,Turner,M. Turner,15,21,3,Missed,1,,,0,v,MISS Turner 3' Running Layup,Missed Shot,Running Layup Shot,1,2,395
0022300877,541,PT07M42.00S,4,1610612754,IND,1627783,Siakam,P. Siakam,0,0,0,,0,,,0,v,Siakam REBOUND (Off:2 Def:5),Rebound,Unknown,1,0,396
0022300877,544,PT07M42.00S,4,1610612754,IND,1627783,Siakam,P. Siakam,-9,13,2,Missed,1,,,0,v,MISS Siakam 2' Tip Layup Shot,Missed Shot,Tip Layup Shot,1,2,397
0022300877,545,PT07M42.00S,4,1610612754,IND,1627783,Siakam,P. Siakam,0,0,0,,0,,,0,v,Siakam REBOUND (Off:3 Def:5),Rebound,Unknown,1,0,398
0022300877,542,PT07M41.00S,4,1610612754,IND,1627783,Siakam,P. Siakam,0,0,0,Made,1,97,88,185,v,Siakam Putback Layup (19 PTS),Made Shot,Putback Layup Shot,1,2,399
0022300877,543,PT07M41.00S,4,0,,1610612759,,,0,0,0,,0,,,0,h,SPURS Timeout: Regular (Full 4 Short 0),Timeout,Regular,0,0,400
0022300877,546,PT07M41.00S,4,1610612759,SAS,1641705,Wembanyama,V. Wembanyama,0,0,0,,0,,,0,h,SUB: Collins FOR Wembanyama,Substitution,,0,0,401
0022300877,548,PT07M41.00S,4,1610612754,IND,1630174,Nesmith,A. Nesmith,0,0,0,,0,,,0,v,SUB: Haliburton FOR Nesmith,Substitution,,0,0,402
0022300877,558,PT07M41.00S,4,1610612759,SAS,1629640,Johnson,K. Johnson,0,0,0,,0,,,0,h,SUB: Vassell FOR Johnson,Substitution,,0,0,403
0022300877,554,PT07M22.00S,4,1610612754,IND,1631097,Mathurin,B. Mathurin,0,0,0,,0,,,0,v,Mathurin S.FOUL (P2.T3) (C.Kirkland),Foul,Shooting,1,0,404
0022300877,556,PT07M22.00S,4,1610612759,SAS,1630170,Vassell,D. Vassell,0,0,0,,0,,,0,h,MISS Vassell Free Throw 1 of 2,Free Throw,Free Throw 1 of 2,1,0,405
0022300877,557,PT07M22.00S,4,0,,1610612759,,,0,0,0,,0,,,0,h,SPURS Rebound,Rebound,Normal Rebound,1,0,406
0022300877,559,PT07M22.00S,4,1610612759,SAS,1630170,Vassell,D. Vassell,0,0,0,,0,98,88,186,h,Vassell Free Throw 2 of 2 (15 PTS),Free Throw,Free Throw 2 of 2,1,0,407
0022300877,560,PT07M09.00S,4,1610612754,IND,204456,McConnell,T. McConnell,15,17,2,Made,1,98,90,188,v,McConnell 2' Driving Finger Roll Layup (22 PTS),Made Shot,Driving Finger Roll Layup Shot,1,2,408
0022300877,561,PT07M00.00S,4,1610612759,SAS,1628380,Collins,Z. Collins,0,0,0,,0,,,0,h,Collins Out of Bounds - Bad Pass Turnover Turnover (P2.T14),Turnover,Out of Bounds - Bad Pass Turnover,1,0,409
0022300877,562,PT06M53.00S,4,1610612754,IND,204456,McConnell,T. McConnell,81,53,10,Made,1,98,92,190,v,McConnell 10' Fadeaway Jumper (24 PTS) (Haliburton 7 AST),Made Shot,Fadeaway Jump Shot,1,2,410
0022300877,564,PT06M38.00S,4,1610612759,SAS,1631103,Branham,M. Branham,-169,196,26,Missed,1,,,0,h,MISS Branham 26' 3PT Jump Shot,Missed Shot,Jump Shot,1,3,411
0022300877,564,PT06M38.00S,4,1610612754,IND,1630169,Haliburton,T. Haliburton,0,0,0,,0,,,0,v,Haliburton BLOCK (1 BLK),,,1,3,412
0022300877,566,PT06M35.00S,4,1610612754,IND,1631097,Mathurin,B. Mathurin,0,0,0,,0,,,0,v,Mathurin REBOUND (Off:0 Def:2),Rebound,Unknown,1,0,413
0022300877,567,PT06M26.00S,4,1610612754,IND,1627783,Siakam,P. Siakam,-12,-4,1,Made,1,98,94,192,v,Siakam 1' Driving Layup (21 PTS) (Mathurin 3 AST),Made Shot,Driving Layup Shot,1,2,414
0022300877,569,PT06M26.00S,4,0,,1610612759,,,0,0,0,,0,,,0,h,SPURS Timeout: Regular (Full 5 Short 0),Timeout,Regular,0,0,415
0022300877,570,PT06M26.00S,4,1610612759,SAS,1631104,Wesley,B. Wesley,0,0,0,,0,,,0,h,SUB: Jones FOR Wesley,Substitution,,0,0,416
0022300877,571,PT06M26.00S,4,1610612759,SAS,1631103,Branham,M. Branham,0,0,0,,0,,,0,h,SUB: Johnson FOR Branham,Substitution,,0,0,417
0022300877,572,PT06M26.00S,4,1610612759,SAS,1628380,Collins,Z. Collins,0,0,0,,0,,,0,h,SUB: Wembanyama FOR Collins,Substitution,,0,0,418
0022300877,576,PT06M10.00S,4,1610612759,SAS,1630170,Vassell,D. Vassell,0,0,0,,0,,,0,h,Vassell Bad Pass Turnover (P4.T15),Turnover,Bad Pass,1,0,419
0022300877,576,PT06M10.00S,4,1610612754,IND,1627783,Siakam,P. Siakam,0,0,0,,0,,,0,v,Siakam STEAL (1 STL),,,1,0,420
0022300877,578,PT05M59.00S,4,1610612754,IND,1626167,Turner,M. Turner,137,220,26,Made,1,98,97,195,v,Turner 26' 3PT Jump Shot (11 PTS) (Haliburton 8 AST),Made Shot,Jump Shot,1,3,421
0022300877,580,PT05M40.00S,4,1610612759,SAS,1629640,Johnson,K. Johnson,154,200,25,Made,1,101,97,198,h,Johnson 25' 3PT Pullup Jump Shot (17 PTS) (Vassell 5 AST),Made Shot,Pullup Jump shot,1,3,422
0022300877,582,PT05M25.00S,4,1610612754,IND,1626167,Turner,M. Turner,230,31,0,Made,1,101,100,201,v,Turner 3PT Jump Shot (14 PTS) (McConnell 5 AST),Made Shot,Jump Shot,1,3,423
0022300877,584,PT05M12.00S,4,1610612759,SAS,1630170,Vassell,D. Vassell,-5,151,15,Made,1,103,100,203,h,Vassell 15' Pullup Jump Shot (17 PTS),Made Shot,Pullup Jump shot,1,2,424
0022300877,585,PT04M56.00S,4,1610612754,IND,204456,McConnell,T. McConnell,-7,106,11,Made,1,103,102,205,v,McConnell 11' Pullup Jump Shot (26 PTS),Made Shot,Pullup Jump shot,1,2,425
0022300877,586,PT04M40.00S,4,1610612759,SAS,1641705,Wembanyama,V. Wembanyama,47,-9,5,Made,1,105,102,207,h,Wembanyama 5' Floating Jump Shot (27 PTS) (Sochan 4 AST),Made Shot,Floating Jump shot,1,2,426
0022300877,588,PT04M40.00S,4,1610612754,IND,1627783,Siakam,P. Siakam,0,0,0,,0,,,0,v,Siakam S.FOUL (P3.T4) (C.Kirkland),Foul,Shooting,1,0,427
0022300877,590,PT04M40.00S,4,1610612759,SAS,1641705,Wembanyama,V. Wembanyama,0,0,0,,0,106,102,208,h,Wembanyama Free Throw 1 of 1 (28 PTS),Free Throw,Free Throw 1 of 1,1,0,428
0022300877,591,PT04M18.00S,4,1610612754,IND,1626167,Turner,M. Turner,0,0,0,,0,,,0,v,Turner Traveling Turnover (P2.T12),Turnover,Traveling,1,0,429
0022300877,592,PT04M07.00S,4,1610612754,IND,1627783,Siakam,P. Siakam,0,0,0,,0,,,0,v,Siakam P.FOUL (P4.PN) (B.Adair),Foul,Personal,1,0,430
0022300877,594,PT04M07.00S,4,1610612759,SAS,1641705,Wembanyama,V. Wembanyama,0,0,0,,0,107,102,209,h,Wembanyama Free Throw 1 of 2 (29 PTS),Free Throw,Free Throw 1 of 2,1,0,431
0022300877,596,PT04M07.00S,4,1610612759,SAS,1641705,Wembanyama,V. Wembanyama,0,0,0,,0,108,102,210,h,Wembanyama Free Throw 2 of 2 (30 PTS),Free Throw,Free Throw 2 of 2,1,0,432
0022300877,595,PT04M07.00S,4,0,,1610612754,,,0,0,0,,0,,,0,v,Pacers Timeout: Regular (Reg.5 Short 0),Timeout,Regular,0,0,433
0022300877,597,PT03M51.00S,4,1610612754,IND,1626167,Turner,M. Turner,152,203,25,Missed,1,,,0,v,MISS Turner 25' 3PT Jump Shot,Missed Shot,Jump Shot,1,3,434
0022300877,598,PT03M47.00S,4,1610612759,SAS,1631110,Sochan,J. Sochan,0,0,0,,0,,,0,h,Sochan REBOUND (Off:1 Def:6),Rebound,Unknown,1,0,435
0022300877,599,PT03M29.00S,4,1610612754,IND,1626167,Turner,M. Turner,0,0,0,,0,,,0,v,Turner P.FOUL (P2.PN) (B.Nansel),Foul,Personal,1,0,436
0022300877,601,PT03M29.00S,4,1610612759,SAS,1641705,Wembanyama,V. Wembanyama,0,0,0,,0,,,0,h,MISS Wembanyama Free Throw 1 of 2,Free Throw,Free Throw 1 of 2,1,0,437
0022300877,602,PT03M29.00S,4,0,,1610612759,,,0,0,0,,0,,,0,h,SPURS Rebound,Rebound,Normal Rebound,0,0,438
0022300877,603,PT03M29.00S,4,1610612759,SAS,1641705,Wembanyama,V. Wembanyama,0,0,0,,0,109,102,211,h,Wembanyama Free Throw 2 of 2 (31 PTS),Free Throw,Free Throw 2 of 2,1,0,439
0022300877,604,PT03M08.00S,4,1610612754,IND,1630169,Haliburton,T. Haliburton,116,239,27,Missed,1,,,0,v,MISS Haliburton 27' 3PT Pullup Jump Shot,Missed Shot,Pullup Jump shot,1,3,440
0022300877,605,PT03M04.00S,4,1610612759,SAS,1641705,Wembanyama,V. Wembanyama,0,0,0,,0,,,0,h,Wembanyama REBOUND (Off:2 Def:8),Rebound,Unknown,1,0,441
0022300877,606,PT02M44.00S,4,1610612759,SAS,1631110,Sochan,J. Sochan,25,7,3,Made,1,111,102,213,h,Sochan 3' Cutting Layup Shot (8 PTS) (Wembanyama 6 AST),Made Shot,Cutting Layup Shot,1,2,442
0022300877,608,PT02M44.00S,4,0,,1610612754,,,0,0,0,,0,,,0,v,Pacers Timeout: Regular (Reg.6 Short 0),Timeout,Regular,0,0,443
0022300877,609,PT02M22.00S,4,1610612754,IND,1630169,Haliburton,T. Haliburton,-22,-4,2,Missed,1,,,0,v,MISS Haliburton 2' Driving Layup,Missed Shot,Driving Layup Shot,1,2,444
0022300877,610,PT02M20.00S,4,1610612759,SAS,1641705,Wembanyama,V. Wembanyama,0,0,0,,0,,,0,h,Wembanyama REBOUND (Off:2 Def:9),Rebound,Unknown,1,0,445
0022300877,611,PT02M13.00S,4,1610612759,SAS,1630170,Vassell,D. Vassell,227,-16,0,Missed,1,,,0,h,MISS Vassell 3PT Running Jump Shot,Missed Shot,Running Jump Shot,1,3,446
0022300877,612,PT02M10.00S,4,1610612759,SAS,1631110,Sochan,J. Sochan,0,0,0,,0,,,0,h,Sochan REBOUND (Off:2 Def:6),Rebound,Unknown,1,0,447
0022300877,613,PT02M10.00S,4,1610612759,SAS,1631110,Sochan,J. Sochan,0,0,0,Made,1,113,102,215,h,Sochan Tip Layup Shot (10 PTS),Made Shot,Tip Layup Shot,1,2,448
0022300877,614,PT02M04.00S,4,1610612754,IND,1631097,Mathurin,B. Mathurin,17,0,2,Missed,1,,,0,v,MISS Mathurin 2' Driving Layup,Missed Shot,Driving Layup Shot,1,2,449
0022300877,614,PT02M04.00S,4,1610612759,SAS,1641705,Wembanyama,V. Wembanyama,0,0,0,,0,,,0,h,Wembanyama BLOCK (6 BLK),,,1,2,450
0022300877,616,PT02M03.00S,4,1610612754,IND,1626167,Turner,M. Turner,0,0,0,,0,,,0,v,Turner REBOUND (Off:3 Def:7),Rebound,Unknown,1,0,451
0022300877,617,PT02M03.00S,4,1610612754,IND,1626167,Turner,M. Turner,0,0,0,Made,1,113,104,217,v,Turner Putback Dunk (16 PTS),Made Shot,Putback Dunk Shot,1,2,452
0022300877,618,PT01M43.00S,4,1610612759,SAS,1630170,Vassell,D. Vassell,71,70,10,Missed,1,,,0,h,MISS Vassell 10' Fadeaway Jumper,Missed Shot,Fadeaway Jump Shot,1,2,453
0022300877,619,PT01M41.00S,4,1610612754,IND,1631097,Mathurin,B. Mathurin,0,0,0,,0,,,0,v,Mathurin REBOUND (Off:0 Def:3),Rebound,Unknown,1,0,454
0022300877,620,PT01M36.00S,4,1610612754,IND,1626167,Turner,M. Turner,100,255,27,Missed,1,,,0,v,MISS Turner 27' 3PT Jump Shot,Missed Shot,Jump Shot,1,3,455
0022300877,621,PT01M32.00S,4,1610612759,SAS,1630170,Vassell,D. Vassell,0,0,0,,0,,,0,h,Vassell REBOUND (Off:1 Def:8),Rebound,Unknown,1,0,456
0022300877,622,PT01M17.00S,4,1610612759,SAS,1631110,Sochan,J. Sochan,-2,-4,0,Made,1,115,104,219,h,Sochan Driving Dunk (12 PTS) (Jones 4 AST),Made Shot,Driving Dunk Shot,1,2,457
0022300877,624,PT01M17.00S,4,0,,1610612754,,,0,0,0,,0,,,0,v,Pacers Timeout: Regular (Reg.7 Short 0),Timeout,Regular,0,0,458
0022300877,625,PT01M03.00S,4,1610612754,IND,1631097,Mathurin,B. Mathurin,-12,-6,1,Missed,1,,,0,v,MISS Mathurin 1' Layup,Missed Shot,Layup Shot,1,2,459
0022300877,626,PT00M59.50S,4,1610612759,SAS,1641705,Wembanyama,V. Wembanyama,0,0,0,,0,,,0,h,Wembanyama REBOUND (Off:2 Def:10),Rebound,Unknown,1,0,460
0022300877,627,PT00M51.20S,4,1610612754,IND,1627783,Siakam,P. Siakam,0,0,0,,0,,,0,v,Siakam Personal Take Foul (P5.PN) (C.Kirkland),Foul,Personal Take,1,0,461
0022300877,629,PT00M51.20S,4,1610612759,SAS,1630200,Jones,T. Jones,0,0,0,,0,116,104,220,h,Jones Free Throw 1 of 2 (1 PTS),Free Throw,Free Throw 1 of 2,1,0,462
0022300877,630,PT00M51.20S,4,1610612759,SAS,1641705,Wembanyama,V. Wembanyama,0,0,0,,0,,,0,h,SUB: Branham FOR Wembanyama,Substitution,,0,0,463
0022300877,631,PT00M51.20S,4,1610612754,IND,204456,McConnell,T. McConnell,0,0,0,,0,,,0,v,SUB: Nembhard FOR McConnell,Substitution,,0,0,464
0022300877,634,PT00M51.20S,4,1610612759,SAS,1630200,Jones,T. Jones,0,0,0,,0,117,104,221,h,Jones Free Throw 2 of 2 (2 PTS),Free Throw,Free Throw 2 of 2,1,0,465
0022300877,635,PT00M46.10S,4,1610612759,SAS,1629640,Johnson,K. Johnson,0,0,0,,0,,,0,h,Johnson S.FOUL (P4.T3) (C.Kirkland),Foul,Shooting,1,0,466
0022300877,637,PT00M46.10S,4,1610612754,IND,1631097,Mathurin,B. Mathurin,0,0,0,,0,,,0,v,MISS Mathurin Free Throw 1 of 2,Free Throw,Free Throw 1 of 2,1,0,467
0022300877,638,PT00M46.10S,4,0,,1610612754,,,0,0,0,,0,,,0,v,Pacers Rebound,Rebound,Normal Rebound,0,0,468
0022300877,639,PT00M46.10S,4,1610612759,SAS,1630170,Vassell,D. Vassell,0,0,0,,0,,,0,h,SUB: Wesley FOR Vassell,Substitution,,0,0,469
0022300877,640,PT00M46.10S,4,1610612754,IND,1630169,Haliburton,T. Haliburton,0,0,0,,0,,,0,v,SUB: Brown FOR Haliburton,Substitution,,0,0,470
0022300877,643,PT00M46.10S,4,1610612754,IND,1631097,Mathurin,B. Mathurin,0,0,0,,0,117,105,222,v,Mathurin Free Throw 2 of 2 (13 PTS),Free Throw,Free Throw 2 of 2,1,0,471
0022300877,644,PT00M23.10S,4,0,,1610612759,,,0,0,0,,0,,,0,h,SPURS Turnover: Shot Clock (T#16),Turnover,Shot Clock Turnover,0,0,472
0022300877,645,PT00M22.10S,4,1610612759,SAS,1629640,Johnson,K. Johnson,0,0,0,,0,,,0,h,SUB: Cissoko FOR Johnson,Substitution,,0,0,473
0022300877,646,PT00M22.10S,4,1610612759,SAS,1631110,Sochan,J. Sochan,0,0,0,,0,,,0,h,SUB: Barlow FOR Sochan,Substitution,,0,0,474
0022300877,647,PT00M22.10S,4,1610612759,SAS,1630200,Jones,T. Jones,0,0,0,,0,,,0,h,SUB: Mamukelashvili FOR Jones,Substitution,,0,0,475
0022300877,648,PT00M22.10S,4,1610612754,IND,1631097,Mathurin,B. Mathurin,0,0,0,,0,,,0,v,SUB: Nesmith FOR Mathurin,Substitution,,0,0,476
0022300877,653,PT00M00.00S,4,0,,0,,,0,0,0,,0,117,105,222,,End of 4th Period (9:28 PM EST),period,end,1,0,477
