gameId,actionNumber,clock,period,teamId,teamTricode,personId,playerName,playerNameI,xLegacy,yLegacy,shotDistance,shotResult,isFieldGoal,scoreHome,scoreAway,pointsTotal,location,description,actionType,subType,videoAvailable,shotValue,actionId
0022200789,2,PT12M00.00S,1,0,,0,,,0,0,0,,0,0,0,0,,Start of 1st Period (8:11 PM EST),period,start,0,0,1
0022200789,4,PT12M00.00S,1,1610612745,HOU,1630578,Sengun,A. Sengun,0,0,0,,0,,,0,h,Jump Ball Sengun vs. Barnes: Tip to Gordon,Jump Ball,,1,0,2
0022200789,7,PT11M45.00S,1,1610612745,HOU,1630227,Nix,D. Nix,18,13,2,Made,1,2,0,2,h,Nix 2' Driving Layup (2 PTS),Made Shot,Driving Layup Shot,1,2,3
0022200789,8,PT11M25.00S,1,1610612761,TOR,1630173,Achiuwa,P. Achiuwa,-234,8,0,Missed,1,,,0,v,MISS Achiuwa 3PT Jump Shot,Missed Shot,Jump Shot,1,3,4
0022200789,9,PT11M24.00S,1,1610612745,HOU,1630227,Nix,D. Nix,0,0,0,,0,,,0,h,Nix REBOUND (Off:0 Def:1),Rebound,Unknown,1,0,5
0022200789,10,PT11M03.00S,1,1610612745,HOU,201569,Gordon,E. Gordon,-200,189,28,Missed,1,,,0,h,MISS Gordon 28' 3PT Step Back Jump Shot,Missed Shot,Step Back Jump shot,1,3,6
0022200789,11,PT11M01.00S,1,0,,1610612761,,,0,0,0,,0,,,0,v,Raptors Rebound,Rebound,Unknown,0,0,7
0022200789,13,PT10M46.00S,1,1610612761,TOR,1630567,Barnes,S. Barnes,0,0,0,,0,,,0,v,Barnes Bad Pass Turnover (P1.T1),Turnover,Bad Pass,1,0,8
0022200789,13,PT10M46.00S,1,1610612745,HOU,201569,Gordon,E. Gordon,0,0,0,,0,,,0,h,Gordon STEAL (1 STL),,,1,0,9
0022200789,15,PT10M43.00S,1,1610612745,HOU,201569,Gordon,E. Gordon,5,21,2,Made,1,4,0,4,h,Gordon 2' Running Finger Roll Layup (2 PTS),Made Shot,Running Finger Roll Layup Shot,1,2,10
0022200789,16,PT10M17.00S,1,1610612761,TOR,1627783,Siakam,P. Siakam,0,0,0,,0,,,0,v,Siakam Lost Ball Turnover (P1.T2),Turnover,Lost Ball,1,0,11
0022200789,16,PT10M17.00S,1,1610612745,HOU,1630578,Sengun,A. Sengun,0,0,0,,0,,,0,h,Sengun STEAL (1 STL),,,1,0,12
0022200789,18,PT10M09.00S,1,1610612745,HOU,201569,Gordon,E. Gordon,-28,36,5,Made,1,6,0,6,h,Gordon 5' Driving Floating Bank Jump Shot (4 PTS),Made Shot,Driving Floating Bank Jump Shot,1,2,13
0022200789,19,PT10M09.00S,1,1610612761,TOR,1630567,Barnes,S. Barnes,0,0,0,,0,,,0,v,Barnes S.FOUL (P1.T1) (S.Mehta),Foul,Shooting,1,0,14
0022200789,21,PT10M09.00S,1,1610612745,HOU,201569,Gordon,E. Gordon,0,0,0,,0,7,0,7,h,Gordon Free Throw 1 of 1 (5 PTS),Free Throw,Free Throw 1 of 1,1,0,15
0022200789,22,PT09M53.00S,1,1610612761,TOR,1630567,Barnes,S. Barnes,-180,172,25,Missed,1,,,0,v,MISS Barnes 25' 3PT Jump Shot,Missed Shot,Jump Shot,1,3,16
0022200789,23,PT09M52.00S,1,1610612745,HOU,201569,Gordon,E. Gordon,0,0,0,,0,,,0,h,Gordon REBOUND (Off:0 Def:1),Rebound,Unknown,1,0,17
0022200789,24,PT09M43.00S,1,1610612745,HOU,1630578,Sengun,A. Sengun,0,0,0,,0,,,0,h,Sengun Lost Ball Turnover (P1.T1),Turnover,Lost Ball,1,0,18
0022200789,24,PT09M43.00S,1,1610612761,TOR,1630173,Achiuwa,P. Achiuwa,0,0,0,,0,,,0,v,Achiuwa STEAL (1 STL),,,1,0,19
0022200789,26,PT09M22.00S,1,1610612761,TOR,1627832,VanVleet,F. VanVleet,153,56,16,Missed,1,,,0,v,MISS VanVleet 16' Turnaround Fadeaway Shot,Missed Shot,Turnaround Fadeaway shot,1,2,20
0022200789,27,PT09M21.00S,1,1610612745,HOU,1630227,Nix,D. Nix,0,0,0,,0,,,0,h,Nix REBOUND (Off:0 Def:2),Rebound,Unknown,1,0,21
0022200789,28,PT09M12.00S,1,1610612745,HOU,1631095,Smith Jr.,J. Smith Jr.,97,117,15,Missed,1,,,0,h,MISS Smith Jr. 15' Jump Shot,Missed Shot,Jump Shot,1,2,22
0022200789,29,PT09M11.00S,1,1610612761,TOR,1627832,VanVleet,F. VanVleet,0,0,0,,0,,,0,v,VanVleet REBOUND (Off:0 Def:1),Rebound,Unknown,1,0,23
0022200789,30,PT09M03.00S,1,1610612761,TOR,1627783,Siakam,P. Siakam,-45,32,6,Missed,1,,,0,v,MISS Siakam 6' Layup,Missed Shot,Layup Shot,1,2,24
0022200789,31,PT09M01.00S,1,1610612761,TOR,1627783,Siakam,P. Siakam,0,0,0,,0,,,0,v,Siakam REBOUND (Off:1 Def:0),Rebound,Unknown,1,0,25
0022200789,32,PT09M01.00S,1,1610612761,TOR,1627783,Siakam,P. Siakam,-53,16,6,Missed,1,,,0,v,MISS Siakam 6' Putback Layup,Missed Shot,Putback Layup Shot,1,2,26
0022200789,33,PT08M59.00S,1,1610612745,HOU,1631095,Smith Jr.,J. Smith Jr.,0,0,0,,0,,,0,h,Smith Jr. REBOUND (Off:0 Def:1),Rebound,Unknown,1,0,27
0022200789,34,PT08M55.00S,1,1610612745,HOU,1630231,Martin,K. Martin,25,17,3,Missed,1,,,0,h,MISS Martin Jr. 3' Running Layup,Missed Shot,Running Layup Shot,1,2,28
0022200789,35,PT08M53.00S,1,1610612761,TOR,1630173,Achiuwa,P. Achiuwa,0,0,0,,0,,,0,v,Achiuwa REBOUND (Off:0 Def:1),Rebound,Unknown,1,0,29
0022200789,36,PT08M43.00S,1,1610612761,TOR,1627783,Siakam,P. Siakam,0,0,0,,0,,,0,v,Siakam Traveling Turnover (P2.T3),Turnover,Traveling,1,0,30
0022200789,37,PT08M23.00S,1,1610612745,HOU,1630578,Sengun,A. Sengun,33,22,4,Missed,1,,,0,h,MISS Sengun 4' Finger Roll Layup,Missed Shot,Finger Roll Layup Shot,1,2,31
0022200789,38,PT08M22.00S,1,1610612761,TOR,1630173,Achiuwa,P. Achiuwa,0,0,0,,0,,,0,v,Achiuwa REBOUND (Off:0 Def:2),Rebound,Unknown,1,0,32
0022200789,39,PT08M17.00S,1,1610612761,TOR,1629018,Trent Jr.,G. Trent Jr.,9,246,25,Missed,1,,,0,v,MISS Trent Jr. 25' 3PT Running Pull-Up Jump Shot,Missed Shot,Running Pull-Up Jump Shot,1,3,33
0022200789,40,PT08M15.00S,1,1610612745,HOU,201569,Gordon,E. Gordon,0,0,0,,0,,,0,h,Gordon REBOUND (Off:0 Def:2),Rebound,Unknown,1,0,34
0022200789,41,PT08M10.00S,1,1610612745,HOU,201569,Gordon,E. Gordon,11,11,2,Made,1,9,0,9,h,Gordon 2' Running Reverse Layup (7 PTS),Made Shot,Running Reverse Layup Shot,1,2,35
0022200789,42,PT08M10.00S,1,0,,1610612761,,,0,0,0,,0,,,0,v,Raptors Timeout: Regular (Reg.1 Short 0),Timeout,Regular,0,0,36
0022200789,43,PT08M10.00S,1,1610612761,TOR,1630567,Barnes,S. Barnes,0,0,0,,0,,,0,v,SUB: Boucher FOR Barnes,Substitution,,0,0,37
0022200789,44,PT08M10.00S,1,1610612761,TOR,1629018,Trent Jr.,G. Trent Jr.,0,0,0,,0,,,0,v,SUB: Flynn FOR Trent Jr.,Substitution,,0,0,38
0022200789,47,PT07M55.00S,1,1610612761,TOR,1628449,Boucher,C. Boucher,225,111,25,Made,1,9,3,12,v,Boucher 25' 3PT Jump Shot (3 PTS) (Siakam 1 AST),Made Shot,Jump Shot,1,3,39
0022200789,49,PT07M40.00S,1,1610612745,HOU,1630231,Martin,K. Martin,-10,23,3,Made,1,11,3,14,h,Martin Jr. 3' Alley Oop Dunk (2 PTS) (Sengun 1 AST),Made Shot,Alley Oop Dunk Shot,1,2,40
0022200789,51,PT07M40.00S,1,1610612761,TOR,1628449,Boucher,C. Boucher,0,0,0,,0,,,0,v,Boucher S.FOUL (P1.T2) (D.Guthrie),Foul,Shooting,1,0,41
0022200789,53,PT07M40.00S,1,1610612745,HOU,1630231,Martin,K. Martin,0,0,0,,0,12,3,15,h,Martin Jr. Free Throw 1 of 1 (3 PTS),Free Throw,Free Throw 1 of 1,1,0,42
0022200789,54,PT07M25.00S,1,1610612761,TOR,1627832,VanVleet,F. VanVleet,-42,46,6,Missed,1,,,0,v,MISS VanVleet 6' Driving Floating Jump Shot,Missed Shot,Driving Floating Jump Shot,1,2,43
0022200789,55,PT07M24.00S,1,1610612745,HOU,1630227,Nix,D. Nix,0,0,0,,0,,,0,h,Nix REBOUND (Off:0 Def:3),Rebound,Unknown,1,0,44
0022200789,56,PT07M16.00S,1,1610612745,HOU,1630231,Martin,K. Martin,0,0,0,,0,,,0,h,Martin Jr. Lost Ball Turnover (P1.T2),Turnover,Lost Ball,1,0,45
0022200789,56,PT07M16.00S,1,1610612761,TOR,1628449,Boucher,C. Boucher,0,0,0,,0,,,0,v,Boucher STEAL (1 STL),,,1,0,46
0022200789,58,PT07M09.00S,1,1610612761,TOR,1630201,Flynn,M. Flynn,168,211,27,Missed,1,,,0,v,MISS Flynn 27' 3PT Jump Shot,Missed Shot,Jump Shot,1,3,47
0022200789,59,PT07M07.00S,1,0,,1610612745,,,0,0,0,,0,,,0,h,ROCKETS Rebound,Rebound,Unknown,1,0,48
0022200789,61,PT06M56.00S,1,1610612745,HOU,201569,Gordon,E. Gordon,31,17,4,Missed,1,,,0,h,MISS Gordon 4' Driving Reverse Layup,Missed Shot,Driving Reverse Layup Shot,1,2,49
0022200789,61,PT06M56.00S,1,1610612761,TOR,1630173,Achiuwa,P. Achiuwa,0,0,0,,0,,,0,v,Achiuwa BLOCK (1 BLK),,,1,2,50
0022200789,63,PT06M56.00S,1,0,,1610612745,,,0,0,0,,0,,,0,h,ROCKETS Rebound,Rebound,Unknown,0,0,51
0022200789,66,PT06M49.00S,1,1610612745,HOU,1631095,Smith Jr.,J. Smith Jr.,9,33,3,Made,1,14,3,17,h,Smith Jr. 3' Driving Finger Roll Layup (2 PTS),Made Shot,Driving Finger Roll Layup Shot,1,2,52
0022200789,67,PT06M49.00S,1,1610612761,TOR,1630173,Achiuwa,P. Achiuwa,0,0,0,,0,,,0,v,Achiuwa S.FOUL (P1.T3) (S.Corbin),Foul,Shooting,1,0,53
0022200789,69,PT06M49.00S,1,1610612745,HOU,1631095,Smith Jr.,J. Smith Jr.,0,0,0,,0,,,0,h,MISS Smith Jr. Free Throw 1 of 1,Free Throw,Free Throw 1 of 1,0,0,54
0022200789,70,PT06M48.00S,1,1610612761,TOR,1628449,Boucher,C. Boucher,0,0,0,,0,,,0,v,Boucher REBOUND (Off:0 Def:1),Rebound,Unknown,1,0,55
0022200789,71,PT06M36.00S,1,1610612761,TOR,1627832,VanVleet,F. VanVleet,-31,248,25,Made,1,14,6,20,v,VanVleet 25' 3PT Pullup Jump Shot (3 PTS) (Achiuwa 1 AST),Made Shot,Pullup Jump shot,1,3,56
0022200789,73,PT06M17.00S,1,1610612745,HOU,1630578,Sengun,A. Sengun,-16,12,2,Made,1,16,6,22,h,Sengun 2' Layup (2 PTS),Made Shot,Layup Shot,1,2,57
0022200789,74,PT06M04.00S,1,1610612761,TOR,1627832,VanVleet,F. VanVleet,-43,246,25,Missed,1,,,0,v,MISS VanVleet 25' 3PT Pullup Jump Shot,Missed Shot,Pullup Jump shot,1,3,58
0022200789,75,PT06M03.00S,1,1610612745,HOU,1630578,Sengun,A. Sengun,0,0,0,,0,,,0,h,Sengun REBOUND (Off:0 Def:1),Rebound,Unknown,1,0,59
0022200789,76,PT05M52.00S,1,1610612745,HOU,1630227,Nix,D. Nix,-176,191,26,Made,1,19,6,25,h,Nix 26' 3PT Jump Shot (5 PTS) (Martin Jr. 1 AST),Made Shot,Jump Shot,1,3,60
0022200789,78,PT05M24.00S,1,1610612761,TOR,1630173,Achiuwa,P. Achiuwa,-224,47,0,Missed,1,,,0,v,MISS Achiuwa 3PT Jump Shot,Missed Shot,Jump Shot,1,3,61
0022200789,79,PT05M23.00S,1,1610612761,TOR,1628449,Boucher,C. Boucher,0,0,0,,0,,,0,v,Boucher REBOUND (Off:1 Def:1),Rebound,Unknown,1,0,62
0022200789,80,PT05M23.00S,1,1610612761,TOR,1628449,Boucher,C. Boucher,0,0,0,Made,1,19,8,27,v,Boucher Tip Layup Shot (5 PTS),Made Shot,Tip Layup Shot,1,2,63
0022200789,82,PT05M13.00S,1,1610612745,HOU,201569,Gordon,E. Gordon,0,0,0,,0,,,0,h,SUB: Tate FOR Gordon,Substitution,,0,0,64
0022200789,83,PT05M13.00S,1,1610612761,TOR,1630173,Achiuwa,P. Achiuwa,0,0,0,,0,,,0,v,SUB: Barnes FOR Achiuwa,Substitution,,0,0,65
0022200789,84,PT05M13.00S,1,1610612761,TOR,1627783,Siakam,P. Siakam,0,0,0,,0,,,0,v,SUB: Koloko FOR Siakam,Substitution,,0,0,66
0022200789,88,PT05M06.00S,1,1610612745,HOU,1630578,Sengun,A. Sengun,0,0,0,,0,,,0,h,Sengun Bad Pass Turnover (P2.T3),Turnover,Bad Pass,1,0,67
0022200789,88,PT05M06.00S,1,1610612761,TOR,1631132,Koloko,C. Koloko,0,0,0,,0,,,0,v,Koloko STEAL (1 STL),,,1,0,68
0022200789,90,PT05M02.00S,1,1610612761,TOR,1628449,Boucher,C. Boucher,-1,9,1,Made,1,19,10,29,v,Boucher 1' Running Dunk (7 PTS) (Flynn 1 AST),Made Shot,Running Dunk Shot,1,2,69
0022200789,91,PT04M40.00S,1,1610612745,HOU,1630227,Nix,D. Nix,-12,22,3,Missed,1,,,0,h,MISS Nix 3' Driving Layup,Missed Shot,Driving Layup Shot,1,2,70
0022200789,92,PT04M38.00S,1,1610612745,HOU,1630578,Sengun,A. Sengun,0,0,0,,0,,,0,h,Sengun REBOUND (Off:1 Def:1),Rebound,Unknown,1,0,71
0022200789,93,PT04M36.00S,1,1610612745,HOU,1630578,Sengun,A. Sengun,10,22,2,Missed,1,,,0,h,MISS Sengun 2' Hook Shot,Missed Shot,Hook Shot,1,2,72
0022200789,94,PT04M35.00S,1,1610612761,TOR,1631132,Koloko,C. Koloko,0,0,0,,0,,,0,v,Koloko REBOUND (Off:0 Def:1),Rebound,Unknown,1,0,73
0022200789,95,PT04M30.00S,1,1610612761,TOR,1627832,VanVleet,F. VanVleet,-10,10,1,Made,1,19,12,31,v,VanVleet 1' Running Finger Roll Layup (5 PTS),Made Shot,Running Finger Roll Layup Shot,1,2,74
0022200789,96,PT04M30.00S,1,1610612745,HOU,1630578,Sengun,A. Sengun,0,0,0,,0,,,0,h,Sengun S.FOUL (P1.T1) (S.Mehta),Foul,Shooting,1,0,75
0022200789,99,PT04M30.00S,1,1610612745,HOU,1631095,Smith Jr.,J. Smith Jr.,0,0,0,,0,,,0,h,SUB: Eason FOR Smith Jr.,Substitution,,0,0,76
0022200789,101,PT04M30.00S,1,1610612761,TOR,1627832,VanVleet,F. VanVleet,0,0,0,,0,19,13,32,v,VanVleet Free Throw 1 of 1 (6 PTS),Free Throw,Free Throw 1 of 1,1,0,77
0022200789,102,PT04M21.00S,1,1610612761,TOR,1627832,VanVleet,F. VanVleet,0,0,0,,0,,,0,v,VanVleet P.FOUL (P1.T4) (D.Guthrie),Foul,Personal,1,0,78
0022200789,104,PT04M14.00S,1,1610612745,HOU,1630578,Sengun,A. Sengun,13,4,1,Made,1,21,13,34,h,Sengun 1' Driving Dunk (4 PTS),Made Shot,Driving Dunk Shot,1,2,79
0022200789,106,PT03M53.00S,1,1610612745,HOU,1630227,Nix,D. Nix,0,0,0,,0,,,0,h,Nix S.FOUL (P1.T2) (D.Guthrie),Foul,Shooting,1,0,80
0022200789,108,PT03M53.00S,1,1610612761,TOR,1627832,VanVleet,F. VanVleet,0,0,0,,0,21,14,35,v,VanVleet Free Throw 1 of 2 (7 PTS),Free Throw,Free Throw 1 of 2,1,0,81
0022200789,109,PT03M53.00S,1,1610612745,HOU,1630231,Martin,K. Martin,0,0,0,,0,,,0,h,SUB: Mathews FOR Martin Jr.,Substitution,,0,0,82
0022200789,111,PT03M53.00S,1,1610612761,TOR,1627832,VanVleet,F. VanVleet,0,0,0,,0,21,15,36,v,VanVleet Free Throw 2 of 2 (8 PTS),Free Throw,Free Throw 2 of 2,1,0,83
0022200789,112,PT03M33.00S,1,1610612745,HOU,1630227,Nix,D. Nix,0,0,0,,0,,,0,h,Nix Bad Pass Turnover (P1.T4),Turnover,Bad Pass,1,0,84
0022200789,112,PT03M33.00S,1,1610612761,TOR,1627832,VanVleet,F. VanVleet,0,0,0,,0,,,0,v,VanVleet STEAL (1 STL),,,1,0,85
0022200789,114,PT03M15.00S,1,1610612761,TOR,1630567,Barnes,S. Barnes,-235,72,25,Made,1,21,18,39,v,Barnes 25' 3PT Jump Shot (3 PTS) (VanVleet 1 AST),Made Shot,Jump Shot,1,3,86
0022200789,116,PT02M54.00S,1,1610612761,TOR,1631132,Koloko,C. Koloko,0,0,0,,0,,,0,v,Koloko S.FOUL (P1.PN) (D.Guthrie),Foul,Shooting,1,0,87
0022200789,118,PT02M54.00S,1,0,,1610612745,,,0,0,0,,0,,,0,h,ROCKETS Timeout: Regular (Full 1 Short 0),Timeout,Regular,0,0,88
0022200789,119,PT02M54.00S,1,1610612745,HOU,1630256,Tate,J. Tate,0,0,0,,0,,,0,h,MISS Tate Free Throw 1 of 2,Free Throw,Free Throw 1 of 2,1,0,89
0022200789,120,PT02M54.00S,1,0,,1610612745,,,0,0,0,,0,,,0,h,ROCKETS Rebound,Rebound,Normal Rebound,0,0,90
0022200789,121,PT02M54.00S,1,1610612745,HOU,1630256,Tate,J. Tate,0,0,0,,0,,,0,h,MISS Tate Free Throw 2 of 2,Free Throw,Free Throw 2 of 2,1,0,91
0022200789,122,PT02M53.00S,1,1610612761,TOR,1631132,Koloko,C. Koloko,0,0,0,,0,,,0,v,Koloko REBOUND (Off:0 Def:2),Rebound,Unknown,1,0,92
0022200789,123,PT02M39.00S,1,1610612761,TOR,1628449,Boucher,C. Boucher,232,115,26,Missed,1,,,0,v,MISS Boucher 26' 3PT Jump Shot,Missed Shot,Jump Shot,1,3,93
0022200789,124,PT02M38.00S,1,1610612745,HOU,1631106,Eason,T. Eason,0,0,0,,0,,,0,h,Eason REBOUND (Off:0 Def:1),Rebound,Unknown,1,0,94
0022200789,125,PT02M26.00S,1,1610612745,HOU,1629726,Mathews,G. Mathews,-200,186,27,Missed,1,,,0,h,MISS Mathews 27' 3PT Jump Shot,Missed Shot,Jump Shot,1,3,95
0022200789,126,PT02M25.00S,1,1610612745,HOU,1630227,Nix,D. Nix,0,0,0,,0,,,0,h,Nix REBOUND (Off:1 Def:3),Rebound,Unknown,1,0,96
0022200789,127,PT02M20.00S,1,1610612745,HOU,1631106,Eason,T. Eason,152,199,25,Missed,1,,,0,h,MISS Eason 25' 3PT Jump Shot,Missed Shot,Jump Shot,1,3,97
0022200789,128,PT02M18.00S,1,1610612761,TOR,1630201,Flynn,M. Flynn,0,0,0,,0,,,0,v,Flynn REBOUND (Off:0 Def:1),Rebound,Unknown,1,0,98
0022200789,129,PT02M18.00S,1,1610612745,HOU,1631106,Eason,T. Eason,0,0,0,,0,,,0,h,Eason P.FOUL (P1.T3) (S.Mehta),Foul,Personal,1,0,99
0022200789,131,PT02M18.00S,1,1610612745,HOU,1630578,Sengun,A. Sengun,0,0,0,,0,,,0,h,SUB: Fernando FOR Sengun,Substitution,,0,0,100
0022200789,132,PT02M18.00S,1,1610612761,TOR,1630201,Flynn,M. Flynn,0,0,0,,0,,,0,v,SUB: Trent Jr. FOR Flynn,Substitution,,0,0,101
0022200789,135,PT02M06.00S,1,1610612761,TOR,1627832,VanVleet,F. VanVleet,218,127,25,Missed,1,,,0,v,MISS VanVleet 25' 3PT Jump Shot,Missed Shot,Jump Shot,1,3,102
0022200789,136,PT02M04.00S,1,0,,1610612761,,,0,0,0,,0,,,0,v,Raptors Rebound,Rebound,Unknown,0,0,103
0022200789,137,PT02M04.00S,1,1610612745,HOU,1631106,Eason,T. Eason,0,0,0,,0,,,0,h,Eason P.FOUL (P2.T4) (D.Guthrie),Foul,Personal,1,0,104
0022200789,139,PT02M04.00S,1,1610612745,HOU,1630227,Nix,D. Nix,0,0,0,,0,,,0,h,SUB: Gordon FOR Nix,Substitution,,0,0,105
0022200789,141,PT01M49.00S,1,1610612761,TOR,1629018,Trent Jr.,G. Trent Jr.,86,162,18,Missed,1,,,0,v,MISS Trent Jr. 18' Pullup Jump Shot,Missed Shot,Pullup Jump shot,1,2,106
0022200789,142,PT01M47.00S,1,1610612761,TOR,1628449,Boucher,C. Boucher,0,0,0,,0,,,0,v,Boucher REBOUND (Off:2 Def:1),Rebound,Unknown,1,0,107
0022200789,143,PT01M45.00S,1,1610612761,TOR,1628449,Boucher,C. Boucher,17,10,2,Missed,1,,,0,v,MISS Boucher 2' Putback Layup,Missed Shot,Putback Layup Shot,1,2,108
0022200789,144,PT01M43.00S,1,1610612745,HOU,1628981,Fernando,B. Fernando,0,0,0,,0,,,0,h,Fernando REBOUND (Off:0 Def:1),Rebound,Unknown,1,0,109
0022200789,145,PT01M33.00S,1,1610612745,HOU,201569,Gordon,E. Gordon,17,13,2,Missed,1,,,0,h,MISS Gordon 2' Driving Layup,Missed Shot,Driving Layup Shot,1,2,110
0022200789,146,PT01M31.00S,1,1610612761,TOR,1631132,Koloko,C. Koloko,0,0,0,,0,,,0,v,Koloko REBOUND (Off:0 Def:3),Rebound,Unknown,1,0,111
0022200789,147,PT01M22.00S,1,1610612761,TOR,1627832,VanVleet,F. VanVleet,-48,6,5,Missed,1,,,0,v,MISS VanVleet 5' Driving Layup,Missed Shot,Driving Layup Shot,1,2,112
0022200789,147,PT01M22.00S,1,1610612745,HOU,1628981,Fernando,B. Fernando,0,0,0,,0,,,0,h,Fernando BLOCK (1 BLK),,,1,2,113
0022200789,149,PT01M22.00S,1,1610612745,HOU,1628981,Fernando,B. Fernando,0,0,0,,0,,,0,h,Fernando REBOUND (Off:0 Def:2),Rebound,Unknown,1,0,114
0022200789,150,PT01M16.00S,1,1610612745,HOU,1629726,Mathews,G. Mathews,-227,-14,0,Missed,1,,,0,h,MISS Mathews 3PT Running Jump Shot,Missed Shot,Running Jump Shot,1,3,115
0022200789,150,PT01M16.00S,1,1610612761,TOR,1628449,Boucher,C. Boucher,0,0,0,,0,,,0,v,Boucher BLOCK (1 BLK),,,1,3,116
0022200789,152,PT01M16.00S,1,0,,1610612745,,,0,0,0,,0,,,0,h,ROCKETS Rebound,Rebound,Unknown,0,0,117
0022200789,154,PT01M11.00S,1,1610612745,HOU,1631106,Eason,T. Eason,-16,15,2,Missed,1,,,0,h,MISS Eason 2' Driving Layup,Missed Shot,Driving Layup Shot,1,2,118
0022200789,155,PT01M10.00S,1,1610612761,TOR,1631132,Koloko,C. Koloko,0,0,0,,0,,,0,v,Koloko REBOUND (Off:0 Def:4),Rebound,Unknown,1,0,119
0022200789,156,PT01M02.00S,1,1610612761,TOR,1628449,Boucher,C. Boucher,65,67,9,Made,1,21,20,41,v,Boucher 9' Driving Floating Bank Jump Shot (9 PTS) (Barnes 1 AST),Made Shot,Driving Floating Bank Jump Shot,1,2,120
0022200789,158,PT00M42.80S,1,1610612745,HOU,1628981,Fernando,B. Fernando,0,0,0,,0,,,0,h,Fernando OFF.Foul (P1) (S.Corbin),Foul,Offensive,1,0,121
0022200789,160,PT00M42.80S,1,1610612745,HOU,1628981,Fernando,B. Fernando,0,0,0,,0,,,0,h,Fernando Offensive Foul Turnover (P1.T5),Turnover,Offensive Foul Turnover,1,0,122
0022200789,161,PT00M31.40S,1,1610612761,TOR,1628449,Boucher,C. Boucher,-230,46,0,Missed,1,,,0,v,MISS Boucher 3PT Jump Shot,Missed Shot,Jump Shot,1,3,123
0022200789,162,PT00M29.70S,1,1610612745,HOU,1629726,Mathews,G. Mathews,0,0,0,,0,,,0,h,Mathews REBOUND (Off:0 Def:1),Rebound,Unknown,1,0,124
0022200789,163,PT00M05.20S,1,1610612745,HOU,1628981,Fernando,B. Fernando,34,16,4,Missed,1,,,0,h,MISS Fernando 4' Driving Layup,Missed Shot,Driving Layup Shot,1,2,125
0022200789,163,PT00M05.20S,1,1610612761,TOR,1631132,Koloko,C. Koloko,0,0,0,,0,,,0,v,Koloko BLOCK (1 BLK),,,1,2,126
0022200789,165,PT00M03.50S,1,1610612761,TOR,1628449,Boucher,C. Boucher,0,0,0,,0,,,0,v,Boucher REBOUND (Off:2 Def:2),Rebound,Unknown,1,0,127
0022200789,166,PT00M00.00S,1,1610612761,TOR,1630567,Barnes,S. Barnes,163,227,28,Missed,1,,,0,v,MISS Barnes 28' 3PT Running Pull-Up Jump Shot,Missed Shot,Running Pull-Up Jump Shot,1,3,128
0022200789,167,PT00M00.00S,1,0,,1610612761,,,0,0,0,,0,,,0,v,Raptors Rebound,Rebound,Unknown,0,0,129
0022200789,168,PT00M00.00S,1,0,,0,,,0,0,0,,0,21,20,41,,End of 1st Period (8:36 PM EST),period,end,1,0,130
0022200789,171,PT12M00.00S,2,0,,0,,,0,0,0,,0,21,20,41,,Start of 2nd Period (8:39 PM EST),period,start,0,0,131
0022200789,172,PT11M47.00S,2,1610612761,TOR,1629018,Trent Jr.,G. Trent Jr.,-27,104,11,Made,1,21,22,43,v,Trent Jr. 11' Driving Floating Jump Shot (2 PTS),Made Shot,Driving Floating Jump Shot,1,2,132
0022200789,173,PT11M26.00S,2,1610612745,HOU,1629726,Mathews,G. Mathews,0,0,0,,0,,,0,h,Mathews Out of Bounds - Bad Pass Turnover Turnover (P1.T6),Turnover,Out of Bounds - Bad Pass Turnover,1,0,133
0022200789,174,PT11M11.00S,2,1610612761,TOR,1627783,Siakam,P. Siakam,6,93,9,Made,1,21,24,45,v,Siakam 9' Driving Floating Jump Shot (2 PTS),Made Shot,Driving Floating Jump Shot,1,2,134
0022200789,175,PT10M56.00S,2,1610612745,HOU,1628981,Fernando,B. Fernando,25,25,4,Missed,1,,,0,h,MISS Fernando 4' Driving Layup,Missed Shot,Driving Layup Shot,1,2,135
0022200789,176,PT10M56.00S,2,1610612761,TOR,1631132,Koloko,C. Koloko,0,0,0,,0,,,0,v,Koloko REBOUND (Off:0 Def:5),Rebound,Unknown,1,0,136
0022200789,177,PT10M40.00S,2,1610612761,TOR,1628449,Boucher,C. Boucher,50,96,11,Missed,1,,,0,v,MISS Boucher 11' Pullup Jump Shot,Missed Shot,Pullup Jump shot,1,2,137
0022200789,178,PT10M39.00S,2,1610612745,HOU,1628981,Fernando,B. Fernando,0,0,0,,0,,,0,h,Fernando REBOUND (Off:0 Def:3),Rebound,Unknown,1,0,138
0022200789,179,PT10M28.00S,2,1610612761,TOR,1631132,Koloko,C. Koloko,0,0,0,,0,,,0,v,Koloko S.FOUL (P2.T1) (D.Guthrie),Foul,Shooting,1,0,139
0022200789,181,PT10M28.00S,2,1610612745,HOU,1630256,Tate,J. Tate,0,0,0,,0,,,0,h,MISS Tate Free Throw 1 of 2,Free Throw,Free Throw 1 of 2,1,0,140
0022200789,182,PT10M28.00S,2,0,,1610612745,,,0,0,0,,0,,,0,h,ROCKETS Rebound,Rebound,Normal Rebound,0,0,141
0022200789,183,PT10M28.00S,2,1610612745,HOU,1630256,Tate,J. Tate,0,0,0,,0,22,24,46,h,Tate Free Throw 2 of 2 (1 PTS),Free Throw,Free Throw 2 of 2,1,0,142
0022200789,184,PT10M09.00S,2,1610612761,TOR,1627783,Siakam,P. Siakam,6,82,8,Missed,1,,,0,v,MISS Siakam 8' Hook Shot,Missed Shot,Hook Shot,1,2,143
0022200789,184,PT10M09.00S,2,1610612745,HOU,1628981,Fernando,B. Fernando,0,0,0,,0,,,0,h,Fernando BLOCK (2 BLK),,,1,2,144
0022200789,186,PT10M06.00S,2,1610612761,TOR,1631132,Koloko,C. Koloko,0,0,0,,0,,,0,v,Koloko REBOUND (Off:1 Def:5),Rebound,Unknown,1,0,145
0022200789,187,PT10M04.00S,2,1610612761,TOR,1630567,Barnes,S. Barnes,186,169,25,Missed,1,,,0,v,MISS Barnes 25' 3PT Jump Shot,Missed Shot,Jump Shot,1,3,146
0022200789,188,PT10M04.00S,2,0,,1610612745,,,0,0,0,,0,,,0,h,ROCKETS Rebound,Rebound,Unknown,0,0,147
0022200789,190,PT10M04.00S,2,1610612745,HOU,1630256,Tate,J. Tate,0,0,0,,0,,,0,h,SUB: Smith Jr. FOR Tate,Substitution,,0,0,148
0022200789,191,PT10M04.00S,2,1610612745,HOU,1631106,Eason,T. Eason,0,0,0,,0,,,0,h,SUB: Christopher FOR Eason,Substitution,,0,0,149
0022200789,192,PT10M04.00S,2,1610612745,HOU,1629726,Mathews,G. Mathews,0,0,0,,0,,,0,h,SUB: Martin Jr. FOR Mathews,Substitution,,0,0,150
0022200789,193,PT10M04.00S,2,1610612761,TOR,1631132,Koloko,C. Koloko,0,0,0,,0,,,0,v,SUB: Achiuwa FOR Koloko,Substitution,,0,0,151
0022200789,198,PT09M49.00S,2,1610612745,HOU,1631095,Smith Jr.,J. Smith Jr.,214,136,25,Made,1,25,24,49,h,Smith Jr. 25' 3PT Jump Shot (5 PTS) (Fernando 1 AST),Made Shot,Jump Shot,1,3,152
0022200789,200,PT09M30.00S,2,1610612761,TOR,1627783,Siakam,P. Siakam,100,168,20,Missed,1,,,0,v,MISS Siakam 20' Jump Shot,Missed Shot,Jump Shot,1,2,153
0022200789,201,PT09M28.00S,2,1610612745,HOU,1631095,Smith Jr.,J. Smith Jr.,0,0,0,,0,,,0,h,Smith Jr. REBOUND (Off:0 Def:2),Rebound,Unknown,1,0,154
0022200789,202,PT09M22.00S,2,1610612745,HOU,1628981,Fernando,B. Fernando,0,0,0,,0,,,0,h,Fernando OFF.Foul (P2) (D.Guthrie),Foul,Offensive,1,0,155
0022200789,204,PT09M22.00S,2,1610612745,HOU,1628981,Fernando,B. Fernando,0,0,0,,0,,,0,h,Fernando Offensive Foul Turnover (P2.T7),Turnover,Offensive Foul Turnover,1,0,156
0022200789,205,PT09M11.00S,2,1610612761,TOR,1629018,Trent Jr.,G. Trent Jr.,-94,117,15,Made,1,25,26,51,v,Trent Jr. 15' Step Back Jump Shot (4 PTS),Made Shot,Step Back Jump shot,1,2,157
0022200789,206,PT08M57.00S,2,1610612745,HOU,1628981,Fernando,B. Fernando,-5,15,2,Missed,1,,,0,h,MISS Fernando 2' Driving Layup,Missed Shot,Driving Layup Shot,1,2,158
0022200789,207,PT08M56.00S,2,1610612761,TOR,1628449,Boucher,C. Boucher,0,0,0,,0,,,0,v,Boucher REBOUND (Off:2 Def:3),Rebound,Unknown,1,0,159
0022200789,208,PT08M48.00S,2,1610612745,HOU,1628981,Fernando,B. Fernando,0,0,0,,0,,,0,h,Fernando S.FOUL (P3.T1) (S.Corbin),Foul,Shooting,1,0,160
0022200789,210,PT08M48.00S,2,1610612761,TOR,1630173,Achiuwa,P. Achiuwa,0,0,0,,0,25,27,52,v,Achiuwa Free Throw 1 of 2 (1 PTS),Free Throw,Free Throw 1 of 2,1,0,161
0022200789,211,PT08M48.00S,2,1610612745,HOU,1628981,Fernando,B. Fernando,0,0,0,,0,,,0,h,SUB: Sengun FOR Fernando,Substitution,,0,0,162
0022200789,212,PT08M48.00S,2,1610612761,TOR,1628449,Boucher,C. Boucher,0,0,0,,0,,,0,v,SUB: Banton FOR Boucher,Substitution,,0,0,163
0022200789,215,PT08M48.00S,2,1610612761,TOR,1630173,Achiuwa,P. Achiuwa,0,0,0,,0,,,0,v,MISS Achiuwa Free Throw 2 of 2,Free Throw,Free Throw 2 of 2,1,0,164
0022200789,216,PT08M47.00S,2,1610612745,HOU,201569,Gordon,E. Gordon,0,0,0,,0,,,0,h,Gordon REBOUND (Off:0 Def:3),Rebound,Unknown,1,0,165
0022200789,217,PT08M41.00S,2,1610612745,HOU,1630231,Martin,K. Martin,-10,25,3,Made,1,27,27,54,h,Martin Jr. 3' Running Finger Roll Layup (5 PTS) (Gordon 1 AST),Made Shot,Running Finger Roll Layup Shot,1,2,166
0022200789,219,PT08M26.00S,2,1610612761,TOR,1630173,Achiuwa,P. Achiuwa,17,8,2,Missed,1,,,0,v,MISS Achiuwa 2' Cutting Layup Shot,Missed Shot,Cutting Layup Shot,1,2,167
0022200789,220,PT08M25.00S,2,1610612761,TOR,1630567,Barnes,S. Barnes,0,0,0,,0,,,0,v,Barnes REBOUND (Off:1 Def:0),Rebound,Unknown,1,0,168
0022200789,221,PT08M23.00S,2,1610612761,TOR,1630567,Barnes,S. Barnes,6,11,1,Missed,1,,,0,v,MISS Barnes 1' Putback Layup,Missed Shot,Putback Layup Shot,1,2,169
0022200789,222,PT08M22.00S,2,1610612761,TOR,1630567,Barnes,S. Barnes,0,0,0,,0,,,0,v,Barnes REBOUND (Off:2 Def:0),Rebound,Unknown,1,0,170
0022200789,223,PT08M22.00S,2,1610612745,HOU,1630578,Sengun,A. Sengun,0,0,0,,0,,,0,h,Sengun S.FOUL (P2.T2) (S.Mehta),Foul,Shooting,1,0,171
0022200789,225,PT08M22.00S,2,1610612761,TOR,1630567,Barnes,S. Barnes,0,0,0,,0,27,28,55,v,Barnes Free Throw 1 of 2 (4 PTS),Free Throw,Free Throw 1 of 2,1,0,172
0022200789,226,PT08M22.00S,2,1610612761,TOR,1630567,Barnes,S. Barnes,0,0,0,,0,27,29,56,v,Barnes Free Throw 2 of 2 (5 PTS),Free Throw,Free Throw 2 of 2,0,0,173
0022200789,227,PT08M14.00S,2,1610612761,TOR,1630625,Banton,D. Banton,0,0,0,,0,,,0,v,Banton P.FOUL (P1.T2) (D.Guthrie),Foul,Personal,1,0,174
0022200789,229,PT08M14.00S,2,1610612761,TOR,1630567,Barnes,S. Barnes,0,0,0,,0,,,0,v,SUB: Hernangomez FOR Barnes,Substitution,,0,0,175
0022200789,231,PT08M13.00S,2,1610612761,TOR,1630625,Banton,D. Banton,0,0,0,,0,,,0,v,Banton AWAY.FROM.PLAY.FOUL (P2.T3) (D.Guthrie),Foul,Away From Play,1,0,176
0022200789,233,PT08M13.00S,2,1610612745,HOU,201569,Gordon,E. Gordon,0,0,0,,0,,,0,h,MISS Gordon Free Throw 1 of 1,Free Throw,Free Throw 1 of 1,1,0,177
0022200789,238,PT08M13.00S,2,0,,1610612745,,,0,0,0,,0,,,0,h,ROCKETS Rebound,Rebound,Unknown,1,0,178
0022200789,234,PT08M03.00S,2,1610612745,HOU,201569,Gordon,E. Gordon,13,7,1,Made,1,29,29,58,h,Gordon 1' Driving Layup (9 PTS),Made Shot,Driving Layup Shot,1,2,179
0022200789,235,PT07M46.00S,2,1610612761,TOR,1629018,Trent Jr.,G. Trent Jr.,-131,211,25,Made,1,29,32,61,v,Trent Jr. 25' 3PT Jump Shot (7 PTS) (Banton 1 AST),Made Shot,Jump Shot,1,3,180
0022200789,237,PT07M34.00S,2,1610612745,HOU,1630528,Christopher,J. Christopher,9,29,3,Made,1,31,32,63,h,Christopher 3' Driving Finger Roll Layup (2 PTS),Made Shot,Driving Finger Roll Layup Shot,1,2,181
0022200789,239,PT07M25.00S,2,1610612745,HOU,1630231,Martin,K. Martin,0,0,0,,0,,,0,h,Martin Jr. P.FOUL (P1.T3) (S.Mehta),Foul,Personal,1,0,182
0022200789,241,PT07M25.00S,2,1610612745,HOU,201569,Gordon,E. Gordon,0,0,0,,0,,,0,h,SUB: Nix FOR Gordon,Substitution,,0,0,183
0022200789,243,PT07M12.00S,2,1610612761,TOR,1627783,Siakam,P. Siakam,49,24,5,Made,1,31,34,65,v,Siakam 5' Turnaround Bank Hook Shot (4 PTS),Made Shot,Turnaround Bank Hook Shot,1,2,184
0022200789,244,PT06M56.00S,2,1610612745,HOU,1630528,Christopher,J. Christopher,-42,121,13,Made,1,33,34,67,h,Christopher 13' Fadeaway Jumper (4 PTS) (Martin Jr. 2 AST),Made Shot,Fadeaway Jump Shot,1,2,185
0022200789,246,PT06M43.00S,2,1610612761,TOR,1630625,Banton,D. Banton,0,0,0,,0,,,0,v,Banton Lost Ball Turnover (P1.T4),Turnover,Lost Ball,1,0,186
0022200789,246,PT06M43.00S,2,1610612745,HOU,1630528,Christopher,J. Christopher,0,0,0,,0,,,0,h,Christopher STEAL (1 STL),,,1,0,187
0022200789,248,PT06M41.00S,2,1610612745,HOU,1630528,Christopher,J. Christopher,-1,22,2,Made,1,35,34,69,h,Christopher 2' Running Dunk (6 PTS),Made Shot,Running Dunk Shot,1,2,188
0022200789,249,PT06M33.00S,2,0,,1610612761,,,0,0,0,,0,,,0,v,Raptors Timeout: Regular (Reg.2 Short 0),Timeout,Regular,0,0,189
0022200789,250,PT06M33.00S,2,1610612761,TOR,1630625,Banton,D. Banton,0,0,0,,0,,,0,v,SUB: VanVleet FOR Banton,Substitution,,0,0,190
0022200789,252,PT06M17.00S,2,1610612761,TOR,1627832,VanVleet,F. VanVleet,-44,35,6,Missed,1,,,0,v,MISS VanVleet 6' Driving Finger Roll Layup,Missed Shot,Driving Finger Roll Layup Shot,1,2,191
0022200789,253,PT06M16.00S,2,1610612761,TOR,1630173,Achiuwa,P. Achiuwa,0,0,0,,0,,,0,v,Achiuwa REBOUND (Off:1 Def:2),Rebound,Unknown,1,0,192
0022200789,254,PT06M15.00S,2,1610612761,TOR,1630173,Achiuwa,P. Achiuwa,0,0,0,Made,1,35,36,71,v,Achiuwa Tip Dunk Shot (3 PTS),Made Shot,Tip Dunk Shot,1,2,193
0022200789,255,PT05M49.00S,2,1610612745,HOU,1630578,Sengun,A. Sengun,-71,144,16,Made,1,37,36,73,h,Sengun 16' Driving Floating Jump Shot (6 PTS) (Smith Jr. 1 AST),Made Shot,Driving Floating Jump Shot,1,2,194
0022200789,257,PT05M28.00S,2,1610612761,TOR,1627783,Siakam,P. Siakam,-36,110,12,Made,1,37,38,75,v,Siakam 12' Fadeaway Jumper (6 PTS),Made Shot,Fadeaway Jump Shot,1,2,195
0022200789,258,PT05M13.00S,2,1610612745,HOU,1630578,Sengun,A. Sengun,54,26,6,Made,1,39,38,77,h,Sengun 6' Turnaround Hook Shot (8 PTS),Made Shot,Turnaround Hook Shot,1,2,196
0022200789,259,PT04M49.00S,2,1610612761,TOR,1627832,VanVleet,F. VanVleet,154,120,20,Made,1,39,40,79,v,VanVleet 20' Pullup Jump Shot (10 PTS),Made Shot,Pullup Jump shot,1,2,197
0022200789,260,PT04M29.00S,2,1610612745,HOU,1630231,Martin,K. Martin,-11,8,1,Made,1,41,40,81,h,Martin Jr. 1' Cutting Dunk Shot (7 PTS) (Christopher 1 AST),Made Shot,Cutting Dunk Shot,1,2,198
0022200789,263,PT04M21.00S,2,1610612745,HOU,1630231,Martin,K. Martin,0,0,0,,0,,,0,h,SUB: Tate FOR Martin Jr.,Substitution,,0,0,199
0022200789,265,PT04M18.00S,2,1610612761,TOR,1629018,Trent Jr.,G. Trent Jr.,-148,168,22,Made,1,41,42,83,v,Trent Jr. 22' Jump Shot (9 PTS) (VanVleet 2 AST),Made Shot,Jump Shot,1,2,200
0022200789,267,PT04M01.00S,2,1610612745,HOU,1630227,Nix,D. Nix,18,8,2,Missed,1,,,0,h,MISS Nix 2' Driving Layup,Missed Shot,Driving Layup Shot,1,2,201
0022200789,268,PT04M00.00S,2,1610612761,TOR,1627783,Siakam,P. Siakam,0,0,0,,0,,,0,v,Siakam REBOUND (Off:1 Def:1),Rebound,Unknown,1,0,202
0022200789,269,PT03M54.00S,2,1610612761,TOR,1627823,Hernangomez,J. Hernangomez,-126,230,26,Missed,1,,,0,v,MISS Hernangomez 26' 3PT Running Jump Shot,Missed Shot,Running Jump Shot,1,3,203
0022200789,270,PT03M54.00S,2,1610612761,TOR,1630173,Achiuwa,P. Achiuwa,0,0,0,,0,,,0,v,Achiuwa REBOUND (Off:2 Def:2),Rebound,Unknown,1,0,204
0022200789,271,PT03M50.00S,2,1610612761,TOR,1630173,Achiuwa,P. Achiuwa,15,9,2,Missed,1,,,0,v,MISS Achiuwa 2' Putback Layup,Missed Shot,Putback Layup Shot,1,2,205
0022200789,272,PT03M49.00S,2,1610612761,TOR,1627783,Siakam,P. Siakam,0,0,0,,0,,,0,v,Siakam REBOUND (Off:2 Def:1),Rebound,Unknown,1,0,206
0022200789,273,PT03M49.00S,2,1610612761,TOR,1627783,Siakam,P. Siakam,0,0,0,Made,1,41,44,85,v,Siakam Tip Layup Shot (8 PTS),Made Shot,Tip Layup Shot,1,2,207
0022200789,274,PT03M41.00S,2,0,,1610612745,,,0,0,0,,0,,,0,h,ROCKETS Timeout: Regular (Full 2 Short 0),Timeout,Regular,0,0,208
0022200789,275,PT03M41.00S,2,1610612745,HOU,1631095,Smith Jr.,J. Smith Jr.,0,0,0,,0,,,0,h,SUB: Eason FOR Smith Jr.,Substitution,,0,0,209
0022200789,276,PT03M41.00S,2,1610612761,TOR,1627823,Hernangomez,J. Hernangomez,0,0,0,,0,,,0,v,SUB: Barnes FOR Hernangomez,Substitution,,0,0,210
0022200789,280,PT03M27.00S,2,1610612745,HOU,1630227,Nix,D. Nix,-42,68,8,Missed,1,,,0,h,MISS Nix 8' Driving Floating Jump Shot,Missed Shot,Driving Floating Jump Shot,1,2,211
0022200789,281,PT03M25.00S,2,1610612761,TOR,1630567,Barnes,S. Barnes,0,0,0,,0,,,0,v,Barnes REBOUND (Off:2 Def:1),Rebound,Unknown,1,0,212
0022200789,282,PT03M11.00S,2,1610612761,TOR,1627832,VanVleet,F. VanVleet,-141,201,25,Missed,1,,,0,v,MISS VanVleet 25' 3PT Pullup Jump Shot,Missed Shot,Pullup Jump shot,1,3,213
0022200789,283,PT03M10.00S,2,1610612761,TOR,1630173,Achiuwa,P. Achiuwa,0,0,0,,0,,,0,v,Achiuwa REBOUND (Off:3 Def:2),Rebound,Unknown,1,0,214
0022200789,284,PT03M02.00S,2,1610612761,TOR,1627832,VanVleet,F. VanVleet,-225,29,0,Made,1,41,47,88,v,VanVleet 3PT Step Back Jump Shot (13 PTS) (Barnes 2 AST),Made Shot,Step Back Jump shot,1,3,215
0022200789,286,PT02M44.00S,2,1610612745,HOU,1631106,Eason,T. Eason,217,136,26,Missed,1,,,0,h,MISS Eason 26' 3PT Jump Shot,Missed Shot,Jump Shot,1,3,216
0022200789,287,PT02M43.00S,2,1610612761,TOR,1630173,Achiuwa,P. Achiuwa,0,0,0,,0,,,0,v,Achiuwa REBOUND (Off:3 Def:3),Rebound,Unknown,1,0,217
0022200789,289,PT02M42.00S,2,1610612745,HOU,1630528,Christopher,J. Christopher,0,0,0,,0,,,0,h,SUB: Gordon FOR Christopher,Substitution,,0,0,218
0022200789,291,PT02M23.00S,2,1610612761,TOR,1627832,VanVleet,F. VanVleet,-61,161,17,Missed,1,,,0,v,MISS VanVleet 17' Pullup Jump Shot,Missed Shot,Pullup Jump shot,1,2,219
0022200789,292,PT02M21.00S,2,1610612745,HOU,1631106,Eason,T. Eason,0,0,0,,0,,,0,h,Eason REBOUND (Off:0 Def:2),Rebound,Unknown,1,0,220
0022200789,293,PT02M12.00S,2,1610612745,HOU,1630227,Nix,D. Nix,-234,-6,0,Missed,1,,,0,h,MISS Nix 3PT Jump Shot,Missed Shot,Jump Shot,1,3,221
0022200789,294,PT02M10.00S,2,1610612761,TOR,1627783,Siakam,P. Siakam,0,0,0,,0,,,0,v,Siakam REBOUND (Off:2 Def:2),Rebound,Unknown,1,0,222
0022200789,295,PT02M02.00S,2,1610612761,TOR,1630173,Achiuwa,P. Achiuwa,0,0,0,,0,,,0,v,Achiuwa Offensive Charge Foul (P2) (S.Mehta),Foul,Offensive Charge,1,0,223
0022200789,297,PT02M02.00S,2,1610612761,TOR,1630173,Achiuwa,P. Achiuwa,0,0,0,,0,,,0,v,Achiuwa Offensive Foul Turnover (P1.T5),Turnover,Offensive Foul Turnover,1,0,224
0022200789,298,PT02M02.00S,2,1610612745,HOU,1631106,Eason,T. Eason,0,0,0,,0,,,0,h,SUB: Martin Jr. FOR Eason,Substitution,,0,0,225
0022200789,300,PT01M41.00S,2,1610612745,HOU,1630231,Martin,K. Martin,-43,63,8,Made,1,43,47,90,h,Martin Jr. 8' Driving Finger Roll Layup (9 PTS) (Gordon 2 AST),Made Shot,Driving Finger Roll Layup Shot,1,2,226
0022200789,302,PT01M29.00S,2,1610612745,HOU,201569,Gordon,E. Gordon,0,0,0,,0,,,0,h,Gordon P.FOUL (P1.T4) (S.Mehta),Foul,Personal,1,0,227
0022200789,304,PT01M27.00S,2,1610612761,TOR,1627783,Siakam,P. Siakam,0,0,0,,0,,,0,v,Siakam OFF.Foul (P1) (D.Guthrie),Foul,Offensive,1,0,228
0022200789,306,PT01M27.00S,2,1610612761,TOR,1627783,Siakam,P. Siakam,0,0,0,,0,,,0,v,Siakam Offensive Foul Turnover (P3.T6),Turnover,Offensive Foul Turnover,1,0,229
0022200789,307,PT01M17.00S,2,1610612745,HOU,201569,Gordon,E. Gordon,-113,269,29,Made,1,46,47,93,h,Gordon 29' 3PT Pullup Jump Shot (12 PTS) (Nix 1 AST),Made Shot,Pullup Jump shot,1,3,230
0022200789,308,PT01M00.00S,2,1610612761,TOR,1627832,VanVleet,F. VanVleet,2,55,6,Made,1,46,49,95,v,VanVleet 6' Driving Finger Roll Layup (15 PTS) (Barnes 3 AST),Made Shot,Driving Finger Roll Layup Shot,1,2,231
0022200789,310,PT00M40.60S,2,1610612745,HOU,1630256,Tate,J. Tate,-12,26,3,Missed,1,,,0,h,MISS Tate 3' Cutting Layup Shot,Missed Shot,Cutting Layup Shot,1,2,232
0022200789,311,PT00M38.30S,2,1610612761,TOR,1630173,Achiuwa,P. Achiuwa,0,0,0,,0,,,0,v,Achiuwa REBOUND (Off:3 Def:4),Rebound,Unknown,1,0,233
0022200789,312,PT00M33.50S,2,1610612761,TOR,1629018,Trent Jr.,G. Trent Jr.,-223,19,0,Made,1,46,52,98,v,Trent Jr. 3PT Running Jump Shot (12 PTS) (Siakam 2 AST),Made Shot,Running Jump Shot,1,3,234
0022200789,314,PT00M18.10S,2,1610612745,HOU,1630256,Tate,J. Tate,-10,17,2,Made,1,48,52,100,h,Tate 2' Cutting Layup Shot (3 PTS) (Sengun 2 AST),Made Shot,Cutting Layup Shot,1,2,235
0022200789,316,PT00M02.10S,2,1610612761,TOR,1629018,Trent Jr.,G. Trent Jr.,-170,180,25,Made,1,48,55,103,v,Trent Jr. 25' 3PT Pullup Jump Shot (15 PTS),Made Shot,Pullup Jump shot,1,3,236
0022200789,317,PT00M00.00S,2,0,,0,,,0,0,0,,0,48,55,103,,End of 2nd Period (9:05 PM EST),period,end,1,0,237
0022200789,320,PT12M00.00S,3,0,,0,,,0,0,0,,0,48,55,103,,Start of 3rd Period (9:19 PM EST),period,start,0,0,238
0022200789,321,PT11M46.00S,3,1610612761,TOR,1627783,Siakam,P. Siakam,-153,212,26,Made,1,48,58,106,v,Siakam 26' 3PT Pullup Jump Shot (11 PTS) (Achiuwa 2 AST),Made Shot,Pullup Jump shot,1,3,239
0022200789,323,PT11M19.00S,3,1610612745,HOU,1631095,Smith Jr.,J. Smith Jr.,-61,200,21,Missed,1,,,0,h,MISS Smith Jr. 21' Pullup Jump Shot,Missed Shot,Pullup Jump shot,1,2,240
0022200789,324,PT11M18.00S,3,0,,1610612745,,,0,0,0,,0,,,0,h,ROCKETS Rebound,Rebound,Unknown,1,0,241
0022200789,325,PT11M18.00S,3,1610612761,TOR,1627783,Siakam,P. Siakam,0,0,0,,0,,,0,v,Siakam L.B.FOUL (P2.T1) (S.Mehta),Foul,Loose Ball,1,0,242
0022200789,327,PT11M13.00S,3,1610612745,HOU,1631095,Smith Jr.,J. Smith Jr.,10,15,2,Missed,1,,,0,h,MISS Smith Jr. 2' Driving Layup,Missed Shot,Driving Layup Shot,1,2,243
0022200789,327,PT11M13.00S,3,1610612761,TOR,1630567,Barnes,S. Barnes,0,0,0,,0,,,0,v,Barnes BLOCK (1 BLK),,,1,2,244
0022200789,329,PT11M12.00S,3,1610612761,TOR,1627783,Siakam,P. Siakam,0,0,0,,0,,,0,v,Siakam REBOUND (Off:2 Def:3),Rebound,Unknown,1,0,245
0022200789,330,PT11M08.00S,3,1610612761,TOR,1627832,VanVleet,F. VanVleet,185,172,25,Made,1,48,61,109,v,VanVleet 25' 3PT Running Jump Shot (18 PTS) (Siakam 3 AST),Made Shot,Running Jump Shot,1,3,246
0022200789,332,PT10M48.00S,3,1610612745,HOU,1630227,Nix,D. Nix,179,184,26,Missed,1,,,0,h,MISS Nix 26' 3PT Jump Shot,Missed Shot,Jump Shot,1,3,247
0022200789,333,PT10M47.00S,3,1610612761,TOR,1627832,VanVleet,F. VanVleet,0,0,0,,0,,,0,v,VanVleet REBOUND (Off:0 Def:2),Rebound,Unknown,1,0,248
0022200789,334,PT10M40.00S,3,1610612761,TOR,1627783,Siakam,P. Siakam,-10,16,2,Made,1,48,63,111,v,Siakam 2' Running Finger Roll Layup (13 PTS) (VanVleet 3 AST),Made Shot,Running Finger Roll Layup Shot,1,2,249
0022200789,336,PT10M31.00S,3,0,,1610612745,,,0,0,0,,0,,,0,h,ROCKETS Timeout: Regular (Full 3 Short 0),Timeout,Regular,0,0,250
0022200789,337,PT10M21.00S,3,1610612745,HOU,1630227,Nix,D. Nix,11,250,25,Missed,1,,,0,h,MISS Nix 25' 3PT Jump Shot,Missed Shot,Jump Shot,1,3,251
0022200789,338,PT10M17.00S,3,0,,1610612745,,,0,0,0,,0,,,0,h,ROCKETS Rebound,Rebound,Unknown,0,0,252
0022200789,340,PT10M05.00S,3,1610612745,HOU,201569,Gordon,E. Gordon,-6,56,6,Made,1,50,63,113,h,Gordon 6' Driving Finger Roll Layup (14 PTS) (Smith Jr. 2 AST),Made Shot,Driving Finger Roll Layup Shot,1,2,253
0022200789,342,PT09M48.00S,3,1610612761,TOR,1627832,VanVleet,F. VanVleet,225,34,0,Made,1,50,66,116,v,VanVleet 3PT Jump Shot (21 PTS) (Trent Jr. 1 AST),Made Shot,Jump Shot,1,3,254
0022200789,344,PT09M31.00S,3,1610612745,HOU,1631095,Smith Jr.,J. Smith Jr.,0,0,0,,0,,,0,h,Smith Jr. Lost Ball Turnover (P1.T8),Turnover,Lost Ball,1,0,255
0022200789,344,PT09M31.00S,3,1610612761,TOR,1627783,Siakam,P. Siakam,0,0,0,,0,,,0,v,Siakam STEAL (1 STL),,,1,0,256
0022200789,346,PT09M25.00S,3,1610612761,TOR,1627832,VanVleet,F. VanVleet,-169,194,26,Made,1,50,69,119,v,VanVleet 26' 3PT Running Jump Shot (24 PTS) (Siakam 4 AST),Made Shot,Running Jump Shot,1,3,257
0022200789,349,PT09M07.00S,3,1610612745,HOU,201569,Gordon,E. Gordon,13,9,2,Made,1,52,69,121,h,Gordon 2' Cutting Layup Shot (16 PTS) (Nix 2 AST),Made Shot,Cutting Layup Shot,1,2,258
0022200789,351,PT08M48.00S,3,1610612761,TOR,1627783,Siakam,P. Siakam,-140,220,26,Missed,1,,,0,v,MISS Siakam 26' 3PT Jump Shot,Missed Shot,Jump Shot,1,3,259
0022200789,352,PT08M46.00S,3,1610612745,HOU,1630231,Martin,K. Martin,0,0,0,,0,,,0,h,Martin Jr. REBOUND (Off:0 Def:1),Rebound,Unknown,1,0,260
0022200789,353,PT08M37.00S,3,1610612761,TOR,1630173,Achiuwa,P. Achiuwa,0,0,0,,0,,,0,v,Achiuwa Violation:Kicked Ball (S.Mehta),Violation,Kicked Ball,0,0,261
0022200789,354,PT08M25.00S,3,1610612745,HOU,1630578,Sengun,A. Sengun,20,1,2,Made,1,54,69,123,h,Sengun 2' Layup (10 PTS),Made Shot,Layup Shot,1,2,262
0022200789,356,PT08M08.00S,3,1610612761,TOR,1629018,Trent Jr.,G. Trent Jr.,16,18,2,Made,1,54,71,125,v,Trent Jr. 2' Finger Roll Layup (17 PTS),Made Shot,Finger Roll Layup Shot,1,2,263
0022200789,357,PT08M00.00S,3,1610612745,HOU,201569,Gordon,E. Gordon,-121,232,26,Made,1,57,71,128,h,Gordon 26' 3PT Pullup Jump Shot (19 PTS) (Nix 3 AST),Made Shot,Pullup Jump shot,1,3,264
0022200789,359,PT07M49.00S,3,1610612745,HOU,1630227,Nix,D. Nix,0,0,0,,0,,,0,h,Nix S.FOUL (P2.T1) (S.Corbin),Foul,Shooting,1,0,265
0022200789,361,PT07M49.00S,3,1610612761,TOR,1627832,VanVleet,F. VanVleet,0,0,0,,0,,,0,v,MISS VanVleet Free Throw 1 of 2,Free Throw,Free Throw 1 of 2,1,0,266
0022200789,362,PT07M49.00S,3,0,,1610612761,,,0,0,0,,0,,,0,v,Raptors Rebound,Rebound,Normal Rebound,0,0,267
0022200789,363,PT07M49.00S,3,1610612761,TOR,1627832,VanVleet,F. VanVleet,0,0,0,,0,57,72,129,v,VanVleet Free Throw 2 of 2 (25 PTS),Free Throw,Free Throw 2 of 2,1,0,268
0022200789,364,PT07M31.00S,3,1610612745,HOU,1630231,Martin,K. Martin,1,73,7,Made,1,59,72,131,h,Martin Jr. 7' Driving Floating Jump Shot (11 PTS) (Smith Jr. 3 AST),Made Shot,Driving Floating Jump Shot,1,2,269
0022200789,366,PT07M14.00S,3,1610612761,TOR,1629018,Trent Jr.,G. Trent Jr.,0,0,0,,0,,,0,v,Trent Jr. Lost Ball Turnover (P1.T7),Turnover,Lost Ball,1,0,270
0022200789,366,PT07M14.00S,3,1610612745,HOU,1630578,Sengun,A. Sengun,0,0,0,,0,,,0,h,Sengun STEAL (2 STL),,,1,0,271
0022200789,368,PT07M07.00S,3,1610612761,TOR,1630567,Barnes,S. Barnes,0,0,0,,0,,,0,v,Barnes S.FOUL (P2.T2) (S.Mehta),Foul,Shooting,1,0,272
0022200789,370,PT07M07.00S,3,1610612745,HOU,1631095,Smith Jr.,J. Smith Jr.,0,0,0,,0,60,72,132,h,Smith Jr. Free Throw 1 of 2 (6 PTS),Free Throw,Free Throw 1 of 2,1,0,273
0022200789,371,PT07M07.00S,3,1610612745,HOU,1631095,Smith Jr.,J. Smith Jr.,0,0,0,,0,61,72,133,h,Smith Jr. Free Throw 2 of 2 (7 PTS),Free Throw,Free Throw 2 of 2,1,0,274
0022200789,372,PT06M48.00S,3,1610612761,TOR,1627783,Siakam,P. Siakam,1,49,5,Missed,1,,,0,v,MISS Siakam 5' Driving Dunk,Missed Shot,Driving Dunk Shot,1,2,275
0022200789,372,PT06M48.00S,3,1610612745,HOU,1630231,Martin,K. Martin,0,0,0,,0,,,0,h,Martin Jr. BLOCK (1 BLK),,,1,2,276
0022200789,374,PT06M47.00S,3,1610612745,HOU,1630231,Martin,K. Martin,0,0,0,,0,,,0,h,Martin Jr. REBOUND (Off:0 Def:2),Rebound,Unknown,1,0,277
0022200789,375,PT06M42.00S,3,1610612745,HOU,1630231,Martin,K. Martin,4,16,2,Made,1,63,72,135,h,Martin Jr. 2' Running Dunk (13 PTS) (Nix 4 AST),Made Shot,Running Dunk Shot,1,2,278
0022200789,377,PT06M19.00S,3,1610612761,TOR,1627832,VanVleet,F. VanVleet,-23,25,3,Made,1,63,74,137,v,VanVleet 3' Driving Finger Roll Layup (27 PTS),Made Shot,Driving Finger Roll Layup Shot,1,2,279
0022200789,378,PT06M08.00S,3,1610612761,TOR,1629018,Trent Jr.,G. Trent Jr.,0,0,0,,0,,,0,v,Trent Jr. S.FOUL (P1.T3) (S.Corbin),Foul,Shooting,1,0,280
0022200789,380,PT06M08.00S,3,1610612745,HOU,1630578,Sengun,A. Sengun,0,0,0,,0,64,74,138,h,Sengun Free Throw 1 of 2 (11 PTS),Free Throw,Free Throw 1 of 2,1,0,281
0022200789,381,PT06M08.00S,3,1610612761,TOR,1630567,Barnes,S. Barnes,0,0,0,,0,,,0,v,SUB: Boucher FOR Barnes,Substitution,,0,0,282
0022200789,382,PT06M08.00S,3,1610612761,TOR,1630173,Achiuwa,P. Achiuwa,0,0,0,,0,,,0,v,SUB: Koloko FOR Achiuwa,Substitution,,0,0,283
0022200789,385,PT06M08.00S,3,1610612745,HOU,1630578,Sengun,A. Sengun,0,0,0,,0,65,74,139,h,Sengun Free Throw 2 of 2 (12 PTS),Free Throw,Free Throw 2 of 2,1,0,284
0022200789,386,PT05M54.00S,3,1610612761,TOR,1627783,Siakam,P. Siakam,6,130,13,Made,1,65,76,141,v,Siakam 13' Fadeaway Jumper (15 PTS),Made Shot,Fadeaway Jump Shot,1,2,285
0022200789,387,PT05M41.00S,3,1610612745,HOU,201569,Gordon,E. Gordon,-186,203,28,Missed,1,,,0,h,MISS Gordon 28' 3PT Jump Shot,Missed Shot,Jump Shot,1,3,286
0022200789,388,PT05M40.00S,3,1610612761,TOR,1629018,Trent Jr.,G. Trent Jr.,0,0,0,,0,,,0,v,Trent Jr. REBOUND (Off:0 Def:1),Rebound,Unknown,1,0,287
0022200789,389,PT05M29.00S,3,1610612761,TOR,1627783,Siakam,P. Siakam,-5,157,16,Missed,1,,,0,v,MISS Siakam 16' Pullup Jump Shot,Missed Shot,Pullup Jump shot,1,2,288
0022200789,390,PT05M28.00S,3,1610612745,HOU,1630231,Martin,K. Martin,0,0,0,,0,,,0,h,Martin Jr. REBOUND (Off:0 Def:3),Rebound,Unknown,1,0,289
0022200789,392,PT05M17.00S,3,1610612745,HOU,1631095,Smith Jr.,J. Smith Jr.,0,0,0,,0,,,0,h,SUB: Tate FOR Smith Jr.,Substitution,,0,0,290
0022200789,393,PT05M17.00S,3,1610612745,HOU,1630231,Martin,K. Martin,0,0,0,,0,,,0,h,SUB: Eason FOR Martin Jr.,Substitution,,0,0,291
0022200789,396,PT05M08.00S,3,1610612745,HOU,201569,Gordon,E. Gordon,18,3,2,Made,1,67,76,143,h,Gordon 2' Driving Layup (21 PTS),Made Shot,Driving Layup Shot,1,2,292
0022200789,397,PT04M51.00S,3,1610612761,TOR,1629018,Trent Jr.,G. Trent Jr.,-113,232,26,Made,1,67,79,146,v,Trent Jr. 26' 3PT Jump Shot (20 PTS) (VanVleet 4 AST),Made Shot,Jump Shot,1,3,293
0022200789,399,PT04M36.00S,3,1610612745,HOU,1630256,Tate,J. Tate,10,25,3,Missed,1,,,0,h,MISS Tate 3' Cutting Dunk Shot,Missed Shot,Cutting Dunk Shot,1,2,294
0022200789,399,PT04M36.00S,3,1610612761,TOR,1628449,Boucher,C. Boucher,0,0,0,,0,,,0,v,Boucher BLOCK (2 BLK),,,1,2,295
0022200789,401,PT04M34.00S,3,1610612761,TOR,1627832,VanVleet,F. VanVleet,0,0,0,,0,,,0,v,VanVleet REBOUND (Off:0 Def:3),Rebound,Unknown,1,0,296
0022200789,402,PT04M31.00S,3,1610612761,TOR,1627832,VanVleet,F. VanVleet,65,246,25,Missed,1,,,0,v,MISS VanVleet 25' 3PT Running Pull-Up Jump Shot,Missed Shot,Running Pull-Up Jump Shot,1,3,297
0022200789,403,PT04M29.00S,3,1610612745,HOU,1630578,Sengun,A. Sengun,0,0,0,,0,,,0,h,Sengun REBOUND (Off:1 Def:2),Rebound,Unknown,1,0,298
0022200789,404,PT04M20.00S,3,1610612745,HOU,1631106,Eason,T. Eason,13,3,1,Made,1,69,79,148,h,Eason 1' Cutting Dunk Shot (2 PTS) (Sengun 3 AST),Made Shot,Cutting Dunk Shot,1,2,299
0022200789,406,PT04M06.00S,3,1610612761,TOR,1627783,Siakam,P. Siakam,-6,41,4,Made,1,69,81,150,v,Siakam 4' Driving Layup (17 PTS),Made Shot,Driving Layup Shot,1,2,300
0022200789,407,PT04M06.00S,3,1610612745,HOU,201569,Gordon,E. Gordon,0,0,0,,0,,,0,h,Gordon S.FOUL (P2.T2) (D.Guthrie),Foul,Shooting,1,0,301
0022200789,409,PT04M06.00S,3,1610612745,HOU,201569,Gordon,E. Gordon,0,0,0,,0,,,0,h,SUB: Fernando FOR Gordon,Substitution,,0,0,302
0022200789,410,PT04M06.00S,3,1610612745,HOU,1630578,Sengun,A. Sengun,0,0,0,,0,,,0,h,SUB: Mathews FOR Sengun,Substitution,,0,0,303
0022200789,411,PT04M06.00S,3,1610612761,TOR,1629018,Trent Jr.,G. Trent Jr.,0,0,0,,0,,,0,v,SUB: Flynn FOR Trent Jr.,Substitution,,0,0,304
0022200789,415,PT04M06.00S,3,1610612761,TOR,1627783,Siakam,P. Siakam,0,0,0,,0,,,0,v,MISS Siakam Free Throw 1 of 1,Free Throw,Free Throw 1 of 1,1,0,305
0022200789,416,PT04M05.00S,3,1610612745,HOU,1629726,Mathews,G. Mathews,0,0,0,,0,,,0,h,Mathews REBOUND (Off:0 Def:2),Rebound,Unknown,1,0,306
0022200789,417,PT03M55.00S,3,1610612745,HOU,1630227,Nix,D. Nix,21,19,3,Missed,1,,,0,h,MISS Nix 3' Driving Floating Jump Shot,Missed Shot,Driving Floating Jump Shot,1,2,307
0022200789,417,PT03M55.00S,3,1610612761,TOR,1631132,Koloko,C. Koloko,0,0,0,,0,,,0,v,Koloko BLOCK (2 BLK),,,1,2,308
0022200789,419,PT03M52.00S,3,1610612761,TOR,1627832,VanVleet,F. VanVleet,0,0,0,,0,,,0,v,VanVleet REBOUND (Off:0 Def:4),Rebound,Unknown,1,0,309
0022200789,420,PT03M47.00S,3,1610612761,TOR,1627783,Siakam,P. Siakam,-212,139,25,Missed,1,,,0,v,MISS Siakam 25' 3PT Jump Shot,Missed Shot,Jump Shot,1,3,310
0022200789,421,PT03M47.00S,3,1610612745,HOU,1630256,Tate,J. Tate,0,0,0,,0,,,0,h,Tate REBOUND (Off:0 Def:1),Rebound,Unknown,1,0,311
0022200789,422,PT03M23.00S,3,1610612745,HOU,1630256,Tate,J. Tate,-58,19,6,Missed,1,,,0,h,MISS Tate 6' Turnaround Hook Shot,Missed Shot,Turnaround Hook Shot,1,2,312
0022200789,422,PT03M23.00S,3,1610612761,TOR,1628449,Boucher,C. Boucher,0,0,0,,0,,,0,v,Boucher BLOCK (3 BLK),,,1,2,313
0022200789,424,PT03M23.00S,3,0,,1610612761,,,0,0,0,,0,,,0,v,Raptors Rebound,Rebound,Unknown,0,0,314
0022200789,426,PT03M12.00S,3,1610612761,TOR,1627832,VanVleet,F. VanVleet,162,111,20,Made,1,69,83,152,v,VanVleet 20' Pullup Jump Shot (29 PTS) (Koloko 1 AST),Made Shot,Pullup Jump shot,1,2,315
0022200789,428,PT02M57.00S,3,1610612745,HOU,1630227,Nix,D. Nix,-91,262,28,Missed,1,,,0,h,MISS Nix 28' 3PT Jump Shot,Missed Shot,Jump Shot,1,3,316
0022200789,429,PT02M56.00S,3,1610612761,TOR,1627783,Siakam,P. Siakam,0,0,0,,0,,,0,v,Siakam REBOUND (Off:2 Def:4),Rebound,Unknown,1,0,317
0022200789,430,PT02M50.00S,3,1610612761,TOR,1627783,Siakam,P. Siakam,36,10,4,Missed,1,,,0,v,MISS Siakam 4' Driving Layup,Missed Shot,Driving Layup Shot,1,2,318
0022200789,431,PT02M50.00S,3,0,,1610612745,,,0,0,0,,0,,,0,h,ROCKETS Rebound,Rebound,Unknown,0,0,319
0022200789,433,PT02M50.00S,3,0,,1610612761,,,0,0,0,,0,,,0,v,Raptors Timeout: Regular (Reg.3 Short 0),Timeout,Regular,0,0,320
0022200789,434,PT02M50.00S,3,1610612745,HOU,1629726,Mathews,G. Mathews,0,0,0,,0,,,0,h,SUB: Christopher FOR Mathews,Substitution,,0,0,321
0022200789,435,PT02M50.00S,3,1610612761,TOR,1627783,Siakam,P. Siakam,0,0,0,,0,,,0,v,SUB: Barnes FOR Siakam,Substitution,,0,0,322
0022200789,438,PT02M28.00S,3,1610612745,HOU,1630528,Christopher,J. Christopher,104,117,16,Missed,1,,,0,h,MISS Christopher 16' Pullup Jump Shot,Missed Shot,Pullup Jump shot,1,2,323
0022200789,439,PT02M25.00S,3,1610612745,HOU,1630256,Tate,J. Tate,0,0,0,,0,,,0,h,Tate REBOUND (Off:1 Def:1),Rebound,Unknown,1,0,324
0022200789,440,PT02M24.00S,3,1610612745,HOU,1630256,Tate,J. Tate,0,0,0,Missed,1,,,0,h,MISS Tate Tip Layup Shot,Missed Shot,Tip Layup Shot,1,2,325
0022200789,441,PT02M24.00S,3,1610612761,TOR,1631132,Koloko,C. Koloko,0,0,0,,0,,,0,v,Koloko REBOUND (Off:1 Def:6),Rebound,Unknown,1,0,326
0022200789,442,PT02M20.00S,3,1610612761,TOR,1628449,Boucher,C. Boucher,0,0,0,,0,,,0,v,Boucher Out of Bounds Lost Ball Turnover (P1.T8),Turnover,Out of Bounds Lost Ball Turnover,1,0,327
0022200789,443,PT02M10.00S,3,1610612745,HOU,1630227,Nix,D. Nix,173,199,26,Missed,1,,,0,h,MISS Nix 26' 3PT Jump Shot,Missed Shot,Jump Shot,1,3,328
0022200789,444,PT02M08.00S,3,1610612745,HOU,1628981,Fernando,B. Fernando,0,0,0,,0,,,0,h,Fernando REBOUND (Off:1 Def:3),Rebound,Unknown,1,0,329
0022200789,445,PT02M07.00S,3,1610612761,TOR,1628449,Boucher,C. Boucher,0,0,0,,0,,,0,v,Boucher S.FOUL (P2.T4) (S.Corbin),Foul,Shooting,1,0,330
0022200789,447,PT02M07.00S,3,1610612745,HOU,1628981,Fernando,B. Fernando,0,0,0,,0,70,83,153,h,Fernando Free Throw 1 of 2 (1 PTS),Free Throw,Free Throw 1 of 2,1,0,331
0022200789,448,PT02M07.00S,3,1610612745,HOU,1630227,Nix,D. Nix,0,0,0,,0,,,0,h,SUB: Washington Jr. FOR Nix,Substitution,,0,0,332
0022200789,450,PT02M07.00S,3,1610612745,HOU,1628981,Fernando,B. Fernando,0,0,0,,0,,,0,h,MISS Fernando Free Throw 2 of 2,Free Throw,Free Throw 2 of 2,1,0,333
0022200789,451,PT02M06.00S,3,1610612761,TOR,1630201,Flynn,M. Flynn,0,0,0,,0,,,0,v,Flynn REBOUND (Off:0 Def:2),Rebound,Unknown,1,0,334
0022200789,452,PT01M54.00S,3,1610612761,TOR,1627832,VanVleet,F. VanVleet,80,252,26,Missed,1,,,0,v,MISS VanVleet 26' 3PT Jump Shot,Missed Shot,Jump Shot,1,3,335
0022200789,453,PT01M52.00S,3,1610612745,HOU,1628981,Fernando,B. Fernando,0,0,0,,0,,,0,h,Fernando REBOUND (Off:1 Def:4),Rebound,Unknown,1,0,336
0022200789,454,PT01M34.00S,3,1610612745,HOU,1630256,Tate,J. Tate,0,0,0,,0,,,0,h,Tate OFF.Foul (P1) (S.Mehta),Foul,Offensive,1,0,337
0022200789,456,PT01M34.00S,3,1610612745,HOU,1630256,Tate,J. Tate,0,0,0,,0,,,0,h,Tate Offensive Foul Turnover (P1.T9),Turnover,Offensive Foul Turnover,1,0,338
0022200789,457,PT01M23.00S,3,1610612761,TOR,1630567,Barnes,S. Barnes,-55,168,18,Missed,1,,,0,v,MISS Barnes 18' Pullup Jump Shot,Missed Shot,Pullup Jump shot,1,2,339
0022200789,458,PT01M21.00S,3,1610612745,HOU,1631106,Eason,T. Eason,0,0,0,,0,,,0,h,Eason REBOUND (Off:0 Def:3),Rebound,Unknown,1,0,340
0022200789,459,PT01M13.00S,3,1610612745,HOU,1631106,Eason,T. Eason,18,105,11,Missed,1,,,0,h,MISS Eason 11' Turnaround Jump Shot,Missed Shot,Turnaround Jump Shot,1,2,341
0022200789,460,PT01M13.00S,3,1610612761,TOR,1628449,Boucher,C. Boucher,0,0,0,,0,,,0,v,Boucher REBOUND (Off:2 Def:4),Rebound,Unknown,1,0,342
0022200789,461,PT01M03.00S,3,1610612761,TOR,1627832,VanVleet,F. VanVleet,-44,70,8,Missed,1,,,0,v,MISS VanVleet 8' Driving Floating Jump Shot,Missed Shot,Driving Floating Jump Shot,1,2,343
0022200789,462,PT01M01.00S,3,1610612745,HOU,1631106,Eason,T. Eason,0,0,0,,0,,,0,h,Eason REBOUND (Off:0 Def:4),Rebound,Unknown,1,0,344
0022200789,463,PT00M46.10S,3,1610612745,HOU,1630528,Christopher,J. Christopher,-71,90,11,Made,1,72,83,155,h,Christopher 11' Turnaround Fadeaway (8 PTS),Made Shot,Turnaround Fadeaway shot,1,2,345
0022200789,464,PT00M38.30S,3,1610612745,HOU,1630528,Christopher,J. Christopher,0,0,0,,0,,,0,h,Christopher P.FOUL (P1.T3) (S.Corbin),Foul,Personal,1,0,346
0022200789,466,PT00M30.90S,3,1610612761,TOR,1628449,Boucher,C. Boucher,235,2,24,Missed,1,,,0,v,MISS Boucher 24' 3PT Jump Shot,Missed Shot,Jump Shot,1,3,347
0022200789,467,PT00M28.40S,3,1610612761,TOR,1630567,Barnes,S. Barnes,0,0,0,,0,,,0,v,Barnes REBOUND (Off:3 Def:1),Rebound,Unknown,1,0,348
0022200789,468,PT00M18.50S,3,1610612745,HOU,1630256,Tate,J. Tate,0,0,0,,0,,,0,h,Tate S.FOUL (P2.PN) (D.Guthrie),Foul,Shooting,1,0,349
0022200789,470,PT00M18.50S,3,0,,1610612745,,,0,0,0,,0,,,0,h,ROCKETS Timeout: Regular (Full 4 Short 0),Timeout,Regular,0,0,350
0022200789,471,PT00M18.50S,3,0,,468,Barry,J. Barry,0,0,0,,0,72,83,155,,Instant Replay3rd Period (9:45 PM EST),Instant Replay,Coach Challenge Support Ruling,0,0,351
0022200789,472,PT00M18.50S,3,1610612745,HOU,1628981,Fernando,B. Fernando,0,0,0,,0,,,0,h,SUB: Smith Jr. FOR Fernando,Substitution,,0,0,352
0022200789,474,PT00M18.50S,3,1610612761,TOR,1627832,VanVleet,F. VanVleet,0,0,0,,0,72,84,156,v,VanVleet Free Throw 1 of 2 (30 PTS),Free Throw,Free Throw 1 of 2,1,0,353
0022200789,475,PT00M18.50S,3,1610612761,TOR,1631132,Koloko,C. Koloko,0,0,0,,0,,,0,v,SUB: Achiuwa FOR Koloko,Substitution,,0,0,354
0022200789,477,PT00M18.50S,3,1610612761,TOR,1627832,VanVleet,F. VanVleet,0,0,0,,0,72,85,157,v,VanVleet Free Throw 2 of 2 (31 PTS),Free Throw,Free Throw 2 of 2,1,0,355
0022200789,478,PT00M01.30S,3,1610612745,HOU,1631102,Washington Jr.,T. Washington Jr.,64,64,9,Missed,1,,,0,h,MISS Washington Jr. 9' Driving Floating Jump Shot,Missed Shot,Driving Floating Jump Shot,1,2,356
0022200789,479,PT00M01.00S,3,1610612761,TOR,1628449,Boucher,C. Boucher,0,0,0,,0,,,0,v,Boucher REBOUND (Off:2 Def:5),Rebound,Unknown,1,0,357
0022200789,480,PT00M00.00S,3,0,,0,,,0,0,0,,0,72,85,157,,End of 3rd Period (9:47 PM EST),period,end,1,0,358
0022200789,491,PT12M00.00S,4,0,,0,,,0,0,0,,0,72,85,157,,Start of 4th Period (9:50 PM EST),period,start,0,0,359
0022200789,492,PT11M45.00S,4,1610612745,HOU,1631095,Smith Jr.,J. Smith Jr.,-17,84,9,Made,1,74,85,159,h,Smith Jr. 9' Driving Floating Jump Shot (9 PTS) (Gordon 3 AST),Made Shot,Driving Floating Jump Shot,1,2,360
0022200789,494,PT11M29.00S,4,1610612761,TOR,1630567,Barnes,S. Barnes,238,20,24,Made,1,74,88,162,v,Barnes 24' 3PT Jump Shot (8 PTS) (Flynn 2 AST),Made Shot,Jump Shot,1,3,361
0022200789,496,PT11M17.00S,4,1610612745,HOU,1630528,Christopher,J. Christopher,-50,117,13,Made,1,76,88,164,h,Christopher 13' Fadeaway Jumper (10 PTS),Made Shot,Fadeaway Jump Shot,1,2,362
0022200789,497,PT11M04.00S,4,1610612761,TOR,1630567,Barnes,S. Barnes,216,130,25,Made,1,76,91,167,v,Barnes 25' 3PT Jump Shot (11 PTS) (Koloko 2 AST),Made Shot,Jump Shot,1,3,363
0022200789,499,PT10M43.00S,4,1610612745,HOU,1631095,Smith Jr.,J. Smith Jr.,-151,22,15,Missed,1,,,0,h,MISS Smith Jr. 15' Pullup Jump Shot,Missed Shot,Pullup Jump shot,1,2,364
0022200789,500,PT10M42.00S,4,0,,1610612745,,,0,0,0,,0,,,0,h,ROCKETS Rebound,Rebound,Unknown,1,0,365
0022200789,501,PT10M42.00S,4,1610612761,TOR,1631132,Koloko,C. Koloko,0,0,0,,0,,,0,v,Koloko L.B.FOUL (P3.T1) (S.Corbin),Foul,Loose Ball,1,0,366
0022200789,503,PT10M32.00S,4,1610612745,HOU,1630528,Christopher,J. Christopher,-29,8,3,Made,1,78,91,169,h,Christopher 3' Driving Finger Roll Layup (12 PTS),Made Shot,Driving Finger Roll Layup Shot,1,2,367
0022200789,504,PT10M17.00S,4,1610612761,TOR,1630201,Flynn,M. Flynn,-47,125,13,Missed,1,,,0,v,MISS Flynn 13' Driving Floating Jump Shot,Missed Shot,Driving Floating Jump Shot,1,2,368
0022200789,505,PT10M16.00S,4,1610612761,TOR,1628449,Boucher,C. Boucher,0,0,0,,0,,,0,v,Boucher REBOUND (Off:3 Def:5),Rebound,Unknown,1,0,369
0022200789,506,PT10M16.00S,4,1610612761,TOR,1628449,Boucher,C. Boucher,0,0,0,Made,1,78,93,171,v,Boucher Tip Layup Shot (11 PTS),Made Shot,Tip Layup Shot,1,2,370
0022200789,507,PT10M08.00S,4,1610612761,TOR,1631132,Koloko,C. Koloko,0,0,0,,0,,,0,v,Koloko S.FOUL (P4.T2) (S.Mehta),Foul,Shooting,1,0,371
0022200789,509,PT10M08.00S,4,1610612745,HOU,201569,Gordon,E. Gordon,0,0,0,,0,79,93,172,h,Gordon Free Throw 1 of 2 (22 PTS),Free Throw,Free Throw 1 of 2,1,0,372
0022200789,510,PT10M08.00S,4,1610612745,HOU,201569,Gordon,E. Gordon,0,0,0,,0,80,93,173,h,Gordon Free Throw 2 of 2 (23 PTS),Free Throw,Free Throw 2 of 2,1,0,373
0022200789,511,PT09M58.00S,4,1610612761,TOR,1629018,Trent Jr.,G. Trent Jr.,-6,259,26,Missed,1,,,0,v,MISS Trent Jr. 26' 3PT Pullup Jump Shot,Missed Shot,Pullup Jump shot,1,3,374
0022200789,512,PT09M57.00S,4,0,,1610612745,,,0,0,0,,0,,,0,h,ROCKETS Rebound,Rebound,Unknown,1,0,375
0022200789,514,PT09M41.00S,4,1610612745,HOU,1631095,Smith Jr.,J. Smith Jr.,0,0,0,,0,,,0,h,Smith Jr. Lost Ball Turnover (P2.T10),Turnover,Lost Ball,1,0,376
0022200789,514,PT09M41.00S,4,1610612761,TOR,1631132,Koloko,C. Koloko,0,0,0,,0,,,0,v,Koloko STEAL (2 STL),,,1,0,377
0022200789,516,PT09M36.00S,4,1610612761,TOR,1630201,Flynn,M. Flynn,173,193,26,Missed,1,,,0,v,MISS Flynn 26' 3PT Running Jump Shot,Missed Shot,Running Jump Shot,1,3,378
0022200789,517,PT09M35.00S,4,1610612761,TOR,1630567,Barnes,S. Barnes,0,0,0,,0,,,0,v,Barnes REBOUND (Off:4 Def:1),Rebound,Unknown,1,0,379
0022200789,518,PT09M32.00S,4,1610612761,TOR,1630567,Barnes,S. Barnes,-168,228,28,Missed,1,,,0,v,MISS Barnes 28' 3PT Jump Shot,Missed Shot,Jump Shot,1,3,380
0022200789,519,PT09M30.00S,4,1610612745,HOU,1628981,Fernando,B. Fernando,0,0,0,,0,,,0,h,Fernando REBOUND (Off:1 Def:5),Rebound,Unknown,1,0,381
0022200789,520,PT09M12.00S,4,1610612745,HOU,1630528,Christopher,J. Christopher,-222,71,0,Made,1,83,93,176,h,Christopher 3PT Jump Shot (15 PTS) (Martin Jr. 3 AST),Made Shot,Jump Shot,1,3,382
0022200789,522,PT08M46.00S,4,1610612761,TOR,1629018,Trent Jr.,G. Trent Jr.,45,157,16,Made,1,83,95,178,v,Trent Jr. 16' Turnaround Fadeaway (22 PTS),Made Shot,Turnaround Fadeaway shot,1,2,383
0022200789,523,PT08M25.00S,4,1610612745,HOU,201569,Gordon,E. Gordon,0,0,0,,0,,,0,h,Gordon Bad Pass Turnover (P1.T11),Turnover,Bad Pass,1,0,384
0022200789,523,PT08M25.00S,4,1610612761,TOR,1630201,Flynn,M. Flynn,0,0,0,,0,,,0,v,Flynn STEAL (1 STL),,,1,0,385
0022200789,525,PT08M25.00S,4,1610612745,HOU,1628981,Fernando,B. Fernando,0,0,0,,0,,,0,h,Fernando P.FOUL (P4.T1) (S.Corbin),Foul,Personal,1,0,386
0022200789,527,PT08M25.00S,4,1610612761,TOR,1631132,Koloko,C. Koloko,0,0,0,,0,,,0,v,SUB: Siakam FOR Koloko,Substitution,,0,0,387
0022200789,529,PT08M11.00S,4,1610612761,TOR,1628449,Boucher,C. Boucher,88,18,9,Missed,1,,,0,v,MISS Boucher 9' Driving Floating Jump Shot,Missed Shot,Driving Floating Jump Shot,1,2,388
0022200789,530,PT08M11.00S,4,1610612745,HOU,1630231,Martin,K. Martin,0,0,0,,0,,,0,h,Martin Jr. REBOUND (Off:0 Def:4),Rebound,Unknown,1,0,389
0022200789,531,PT08M02.00S,4,1610612761,TOR,1627783,Siakam,P. Siakam,0,0,0,,0,,,0,v,Siakam S.FOUL (P3.T3) (D.Guthrie),Foul,Shooting,1,0,390
0022200789,533,PT08M02.00S,4,1610612745,HOU,1630231,Martin,K. Martin,0,0,0,,0,84,95,179,h,Martin Jr. Free Throw 1 of 2 (14 PTS),Free Throw,Free Throw 1 of 2,1,0,391
0022200789,534,PT08M02.00S,4,1610612745,HOU,1630231,Martin,K. Martin,0,0,0,,0,85,95,180,h,Martin Jr. Free Throw 2 of 2 (15 PTS),Free Throw,Free Throw 2 of 2,1,0,392
0022200789,535,PT07M50.00S,4,1610612761,TOR,1629018,Trent Jr.,G. Trent Jr.,-72,252,26,Made,1,85,98,183,v,Trent Jr. 26' 3PT Pullup Jump Shot (25 PTS),Made Shot,Pullup Jump shot,1,3,393
0022200789,536,PT07M34.00S,4,1610612745,HOU,1630528,Christopher,J. Christopher,0,0,0,,0,,,0,h,Christopher Bad Pass Turnover (P1.T12),Turnover,Bad Pass,1,0,394
0022200789,536,PT07M34.00S,4,1610612761,TOR,1630201,Flynn,M. Flynn,0,0,0,,0,,,0,v,Flynn STEAL (2 STL),,,1,0,395
0022200789,538,PT07M27.00S,4,1610612761,TOR,1629018,Trent Jr.,G. Trent Jr.,-135,214,25,Missed,1,,,0,v,MISS Trent Jr. 25' 3PT Running Jump Shot,Missed Shot,Running Jump Shot,1,3,396
0022200789,539,PT07M26.00S,4,1610612745,HOU,1631095,Smith Jr.,J. Smith Jr.,0,0,0,,0,,,0,h,Smith Jr. REBOUND (Off:0 Def:3),Rebound,Unknown,1,0,397
0022200789,540,PT07M08.00S,4,1610612745,HOU,1630231,Martin,K. Martin,137,237,27,Made,1,88,98,186,h,Martin Jr. 27' 3PT Jump Shot (18 PTS) (Gordon 4 AST),Made Shot,Jump Shot,1,3,398
0022200789,542,PT06M55.00S,4,1610612745,HOU,1631095,Smith Jr.,J. Smith Jr.,0,0,0,,0,,,0,h,Smith Jr. P.FOUL (P1.T2) (D.Guthrie),Foul,Personal,1,0,399
0022200789,544,PT06M55.00S,4,0,,1610612745,,,0,0,0,,0,,,0,h,ROCKETS Timeout: Regular (Full 5 Short 0),Timeout,Regular,0,0,400
0022200789,545,PT06M55.00S,4,1610612745,HOU,1628981,Fernando,B. Fernando,0,0,0,,0,,,0,h,SUB: Sengun FOR Fernando,Substitution,,0,0,401
0022200789,546,PT06M55.00S,4,1610612761,TOR,1630201,Flynn,M. Flynn,0,0,0,,0,,,0,v,SUB: VanVleet FOR Flynn,Substitution,,0,0,402
0022200789,547,PT06M55.00S,4,1610612761,TOR,1628449,Boucher,C. Boucher,0,0,0,,0,,,0,v,SUB: Achiuwa FOR Boucher,Substitution,,0,0,403
0022200789,551,PT06M44.00S,4,1610612761,TOR,1627783,Siakam,P. Siakam,124,162,20,Missed,1,,,0,v,MISS Siakam 20' Pullup Jump Shot,Missed Shot,Pullup Jump shot,1,2,404
0022200789,552,PT06M43.00S,4,1610612745,HOU,1630231,Martin,K. Martin,0,0,0,,0,,,0,h,Martin Jr. REBOUND (Off:0 Def:5),Rebound,Unknown,1,0,405
0022200789,553,PT06M32.00S,4,1610612761,TOR,1627783,Siakam,P. Siakam,0,0,0,,0,,,0,v,Siakam P.FOUL (P4.T4) (D.Guthrie),Foul,Personal,1,0,406
0022200789,555,PT06M24.00S,4,1610612761,TOR,1630173,Achiuwa,P. Achiuwa,0,0,0,,0,,,0,v,Achiuwa S.FOUL (P3.PN) (S.Corbin),Foul,Shooting,1,0,407
0022200789,557,PT06M24.00S,4,1610612745,HOU,1630578,Sengun,A. Sengun,0,0,0,,0,89,98,187,h,Sengun Free Throw 1 of 2 (13 PTS),Free Throw,Free Throw 1 of 2,1,0,408
0022200789,558,PT06M24.00S,4,1610612745,HOU,1630578,Sengun,A. Sengun,0,0,0,,0,,,0,h,MISS Sengun Free Throw 2 of 2,Free Throw,Free Throw 2 of 2,1,0,409
0022200789,559,PT06M23.00S,4,1610612761,TOR,1630173,Achiuwa,P. Achiuwa,0,0,0,,0,,,0,v,Achiuwa REBOUND (Off:3 Def:5),Rebound,Unknown,1,0,410
0022200789,560,PT06M02.00S,4,1610612745,HOU,1630231,Martin,K. Martin,0,0,0,,0,,,0,h,Martin Jr. P.FOUL (P2.T3) (D.Guthrie),Foul,Personal,1,0,411
0022200789,562,PT05M50.00S,4,1610612761,TOR,1627832,VanVleet,F. VanVleet,-169,237,29,Missed,1,,,0,v,MISS VanVleet 29' 3PT Pullup Jump Shot,Missed Shot,Pullup Jump shot,1,3,412
0022200789,563,PT05M48.00S,4,1610612745,HOU,1630231,Martin,K. Martin,0,0,0,,0,,,0,h,Martin Jr. REBOUND (Off:0 Def:6),Rebound,Unknown,1,0,413
0022200789,564,PT05M34.00S,4,1610612761,TOR,1630173,Achiuwa,P. Achiuwa,0,0,0,,0,,,0,v,Achiuwa P.FOUL (P4.PN) (D.Guthrie),Foul,Personal,1,0,414
0022200789,566,PT05M34.00S,4,1610612745,HOU,1630578,Sengun,A. Sengun,0,0,0,,0,,,0,h,MISS Sengun Free Throw 1 of 2,Free Throw,Free Throw 1 of 2,1,0,415
0022200789,567,PT05M34.00S,4,0,,1610612745,,,0,0,0,,0,,,0,h,ROCKETS Rebound,Rebound,Normal Rebound,0,0,416
0022200789,568,PT05M34.00S,4,1610612745,HOU,201569,Gordon,E. Gordon,0,0,0,,0,,,0,h,SUB: Nix FOR Gordon,Substitution,,0,0,417
0022200789,570,PT05M34.00S,4,1610612745,HOU,1630578,Sengun,A. Sengun,0,0,0,,0,90,98,188,h,Sengun Free Throw 2 of 2 (14 PTS),Free Throw,Free Throw 2 of 2,1,0,418
0022200789,571,PT05M16.00S,4,1610612761,TOR,1630173,Achiuwa,P. Achiuwa,0,0,0,,0,,,0,v,Achiuwa Lost Ball Turnover (P2.T9),Turnover,Lost Ball,1,0,419
0022200789,571,PT05M16.00S,4,1610612745,HOU,1630528,Christopher,J. Christopher,0,0,0,,0,,,0,h,Christopher STEAL (2 STL),,,1,0,420
0022200789,573,PT05M05.00S,4,1610612745,HOU,1631095,Smith Jr.,J. Smith Jr.,0,0,0,,0,,,0,h,Smith Jr. Bad Pass Turnover (P3.T13),Turnover,Bad Pass,1,0,421
0022200789,573,PT05M05.00S,4,1610612761,TOR,1627783,Siakam,P. Siakam,0,0,0,,0,,,0,v,Siakam STEAL (2 STL),,,1,0,422
0022200789,575,PT05M02.00S,4,1610612761,TOR,1630173,Achiuwa,P. Achiuwa,21,16,3,Made,1,90,100,190,v,Achiuwa 3' Running Layup (5 PTS) (Barnes 4 AST),Made Shot,Running Layup Shot,1,2,423
0022200789,577,PT05M02.00S,4,1610612745,HOU,1630578,Sengun,A. Sengun,0,0,0,,0,,,0,h,Sengun S.FOUL (P3.T4) (D.Guthrie),Foul,Shooting,1,0,424
0022200789,579,PT05M02.00S,4,1610612761,TOR,1630173,Achiuwa,P. Achiuwa,0,0,0,,0,,,0,v,MISS Achiuwa Free Throw 1 of 1,Free Throw,Free Throw 1 of 1,1,0,425
0022200789,580,PT05M01.00S,4,1610612745,HOU,1631095,Smith Jr.,J. Smith Jr.,0,0,0,,0,,,0,h,Smith Jr. REBOUND (Off:0 Def:4),Rebound,Unknown,1,0,426
0022200789,581,PT04M44.00S,4,1610612745,HOU,1630578,Sengun,A. Sengun,-28,16,3,Missed,1,,,0,h,MISS Sengun 3' Driving Layup,Missed Shot,Driving Layup Shot,1,2,427
0022200789,582,PT04M43.00S,4,1610612761,TOR,1627832,VanVleet,F. VanVleet,0,0,0,,0,,,0,v,VanVleet REBOUND (Off:0 Def:5),Rebound,Unknown,1,0,428
0022200789,583,PT04M39.00S,4,1610612761,TOR,1630173,Achiuwa,P. Achiuwa,27,54,6,Missed,1,,,0,v,MISS Achiuwa 6' Running Layup,Missed Shot,Running Layup Shot,1,2,429
0022200789,583,PT04M39.00S,4,1610612745,HOU,1630528,Christopher,J. Christopher,0,0,0,,0,,,0,h,Christopher BLOCK (1 BLK),,,1,2,430
0022200789,585,PT04M38.00S,4,0,,1610612745,,,0,0,0,,0,,,0,h,ROCKETS Rebound,Rebound,Unknown,0,0,431
0022200789,587,PT04M26.00S,4,1610612745,HOU,1630578,Sengun,A. Sengun,13,17,2,Made,1,92,100,192,h,Sengun 2' Driving Reverse Layup (16 PTS),Made Shot,Driving Reverse Layup Shot,1,2,432
0022200789,588,PT04M03.00S,4,1610612761,TOR,1629018,Trent Jr.,G. Trent Jr.,-194,204,28,Missed,1,,,0,v,MISS Trent Jr. 28' 3PT Pullup Jump Shot,Missed Shot,Pullup Jump shot,1,3,433
0022200789,589,PT04M02.00S,4,1610612745,HOU,1630227,Nix,D. Nix,0,0,0,,0,,,0,h,Nix REBOUND (Off:1 Def:4),Rebound,Unknown,1,0,434
0022200789,590,PT03M53.00S,4,1610612745,HOU,1631095,Smith Jr.,J. Smith Jr.,181,204,27,Missed,1,,,0,h,MISS Smith Jr. 27' 3PT Jump Shot,Missed Shot,Jump Shot,1,3,435
0022200789,591,PT03M52.00S,4,1610612761,TOR,1630567,Barnes,S. Barnes,0,0,0,,0,,,0,v,Barnes REBOUND (Off:4 Def:2),Rebound,Unknown,1,0,436
0022200789,592,PT03M46.00S,4,1610612761,TOR,1627783,Siakam,P. Siakam,-6,15,2,Made,1,92,102,194,v,Siakam 2' Running Layup (19 PTS) (Trent Jr. 2 AST),Made Shot,Running Layup Shot,1,2,437
0022200789,594,PT03M26.00S,4,1610612745,HOU,1630227,Nix,D. Nix,-225,17,0,Missed,1,,,0,h,MISS Nix 3PT Jump Shot,Missed Shot,Jump Shot,1,3,438
0022200789,595,PT03M26.00S,4,0,,1610612761,,,0,0,0,,0,,,0,v,Raptors Rebound,Rebound,Unknown,0,0,439
0022200789,596,PT03M26.00S,4,1610612745,HOU,1630578,Sengun,A. Sengun,0,0,0,,0,,,0,h,Sengun L.B.FOUL (P4.PN) (S.Corbin),Foul,Loose Ball,1,0,440
0022200789,598,PT03M26.00S,4,1610612761,TOR,1630173,Achiuwa,P. Achiuwa,0,0,0,,0,92,103,195,v,Achiuwa Free Throw 1 of 2 (6 PTS),Free Throw,Free Throw 1 of 2,1,0,441
0022200789,599,PT03M26.00S,4,1610612745,HOU,1630528,Christopher,J. Christopher,0,0,0,,0,,,0,h,SUB: Gordon FOR Christopher,Substitution,,0,0,442
0022200789,601,PT03M26.00S,4,1610612761,TOR,1630173,Achiuwa,P. Achiuwa,0,0,0,,0,,,0,v,MISS Achiuwa Free Throw 2 of 2,Free Throw,Free Throw 2 of 2,1,0,443
0022200789,602,PT03M26.00S,4,1610612745,HOU,1631095,Smith Jr.,J. Smith Jr.,0,0,0,,0,,,0,h,Smith Jr. REBOUND (Off:0 Def:5),Rebound,Unknown,1,0,444
0022200789,603,PT03M08.00S,4,1610612761,TOR,1630173,Achiuwa,P. Achiuwa,0,0,0,,0,,,0,v,Achiuwa P.FOUL (P5.PN) (S.Mehta),Foul,Personal,1,0,445
0022200789,605,PT03M08.00S,4,1610612745,HOU,1630578,Sengun,A. Sengun,0,0,0,,0,,,0,h,MISS Sengun Free Throw 1 of 2,Free Throw,Free Throw 1 of 2,1,0,446
0022200789,606,PT03M08.00S,4,0,,1610612745,,,0,0,0,,0,,,0,h,ROCKETS Rebound,Rebound,Normal Rebound,0,0,447
0022200789,607,PT03M08.00S,4,1610612745,HOU,1630578,Sengun,A. Sengun,0,0,0,,0,93,103,196,h,Sengun Free Throw 2 of 2 (17 PTS),Free Throw,Free Throw 2 of 2,1,0,448
0022200789,608,PT02M57.00S,4,1610612745,HOU,1630578,Sengun,A. Sengun,0,0,0,,0,,,0,h,Sengun P.FOUL (P5.PN) (S.Corbin),Foul,Personal,1,0,449
0022200789,610,PT02M57.00S,4,0,,1610612761,,,0,0,0,,0,,,0,v,Raptors Timeout: Regular (Reg.4 Short 0),Timeout,Regular,0,0,450
0022200789,611,PT02M57.00S,4,1610612761,TOR,1630173,Achiuwa,P. Achiuwa,0,0,0,,0,,,0,v,MISS Achiuwa Free Throw 1 of 2,Free Throw,Free Throw 1 of 2,1,0,451
0022200789,612,PT02M57.00S,4,0,,1610612761,,,0,0,0,,0,,,0,v,Raptors Rebound,Rebound,Normal Rebound,0,0,452
0022200789,613,PT02M57.00S,4,1610612761,TOR,1630173,Achiuwa,P. Achiuwa,0,0,0,,0,93,104,197,v,Achiuwa Free Throw 2 of 2 (7 PTS),Free Throw,Free Throw 2 of 2,1,0,453
0022200789,614,PT02M43.00S,4,1610612745,HOU,1630231,Martin,K. Martin,-29,17,3,Made,1,95,104,199,h,Martin Jr. 3' Alley Oop Dunk (20 PTS) (Sengun 4 AST),Made Shot,Alley Oop Dunk Shot,1,2,454
0022200789,616,PT02M25.00S,4,1610612761,TOR,1630567,Barnes,S. Barnes,77,163,18,Made,1,95,106,201,v,Barnes 18' Pullup Jump Shot (13 PTS),Made Shot,Pullup Jump shot,1,2,455
0022200789,617,PT02M05.00S,4,1610612745,HOU,201569,Gordon,E. Gordon,-26,5,3,Made,1,97,106,203,h,Gordon 3' Driving Finger Roll Layup (25 PTS) (Nix 5 AST),Made Shot,Driving Finger Roll Layup Shot,1,2,456
0022200789,618,PT01M40.00S,4,1610612761,TOR,1627783,Siakam,P. Siakam,-115,89,15,Made,1,97,108,205,v,Siakam 15' Step Back Jump Shot (21 PTS),Made Shot,Step Back Jump shot,1,2,457
0022200789,619,PT01M30.00S,4,1610612761,TOR,1627783,Siakam,P. Siakam,0,0,0,,0,,,0,v,Siakam S.FOUL (P5.PN) (S.Corbin),Foul,Shooting,1,0,458
0022200789,621,PT01M30.00S,4,1610612745,HOU,1630578,Sengun,A. Sengun,0,0,0,,0,98,108,206,h,Sengun Free Throw 1 of 2 (18 PTS),Free Throw,Free Throw 1 of 2,1,0,459
0022200789,622,PT01M30.00S,4,1610612745,HOU,1630578,Sengun,A. Sengun,0,0,0,,0,99,108,207,h,Sengun Free Throw 2 of 2 (19 PTS),Free Throw,Free Throw 2 of 2,1,0,460
0022200789,623,PT01M17.00S,4,1610612745,HOU,1630231,Martin,K. Martin,0,0,0,,0,,,0,h,Martin Jr. S.FOUL (P3.PN) (S.Corbin),Foul,Shooting,1,0,461
0022200789,625,PT01M17.00S,4,1610612761,TOR,1630173,Achiuwa,P. Achiuwa,0,0,0,,0,99,109,208,v,Achiuwa Free Throw 1 of 2 (8 PTS),Free Throw,Free Throw 1 of 2,1,0,462
0022200789,626,PT01M17.00S,4,1610612761,TOR,1630173,Achiuwa,P. Achiuwa,0,0,0,,0,99,110,209,v,Achiuwa Free Throw 2 of 2 (9 PTS),Free Throw,Free Throw 2 of 2,1,0,463
0022200789,627,PT00M58.70S,4,1610612761,TOR,1629018,Trent Jr.,G. Trent Jr.,0,0,0,,0,,,0,v,Trent Jr. S.FOUL (P2.PN) (S.Mehta),Foul,Shooting,1,0,464
0022200789,629,PT00M58.70S,4,1610612745,HOU,201569,Gordon,E. Gordon,0,0,0,,0,100,110,210,h,Gordon Free Throw 1 of 2 (26 PTS),Free Throw,Free Throw 1 of 2,1,0,465
0022200789,630,PT00M58.70S,4,1610612745,HOU,201569,Gordon,E. Gordon,0,0,0,,0,101,110,211,h,Gordon Free Throw 2 of 2 (27 PTS),Free Throw,Free Throw 2 of 2,1,0,466
0022200789,631,PT00M42.90S,4,1610612761,TOR,1630567,Barnes,S. Barnes,25,22,3,Missed,1,,,0,v,MISS Barnes 3' Driving Layup,Missed Shot,Driving Layup Shot,1,2,467
0022200789,632,PT00M41.70S,4,1610612745,HOU,1631095,Smith Jr.,J. Smith Jr.,0,0,0,,0,,,0,h,Smith Jr. REBOUND (Off:0 Def:6),Rebound,Unknown,1,0,468
0022200789,633,PT00M37.70S,4,1610612745,HOU,201569,Gordon,E. Gordon,-190,221,29,Missed,1,,,0,h,MISS Gordon 29' 3PT Running Jump Shot,Missed Shot,Running Jump Shot,1,3,469
0022200789,634,PT00M36.60S,4,1610612745,HOU,1630578,Sengun,A. Sengun,0,0,0,,0,,,0,h,Sengun REBOUND (Off:2 Def:2),Rebound,Unknown,1,0,470
0022200789,635,PT00M34.60S,4,1610612745,HOU,1630578,Sengun,A. Sengun,0,0,0,Missed,1,,,0,h,MISS Sengun Tip Layup Shot,Missed Shot,Tip Layup Shot,1,2,471
0022200789,636,PT00M34.60S,4,1610612745,HOU,1631095,Smith Jr.,J. Smith Jr.,0,0,0,,0,,,0,h,Smith Jr. REBOUND (Off:1 Def:6),Rebound,Unknown,1,0,472
0022200789,637,PT00M34.60S,4,1610612761,TOR,1630173,Achiuwa,P. Achiuwa,0,0,0,,0,,,0,v,Achiuwa S.FOUL (P6.PN) (D.Guthrie),Foul,Shooting,1,0,473
0022200789,639,PT00M34.60S,4,1610612761,TOR,1630173,Achiuwa,P. Achiuwa,0,0,0,,0,,,0,v,SUB: Flynn FOR Achiuwa,Substitution,,0,0,474
0022200789,641,PT00M34.60S,4,1610612745,HOU,1631095,Smith Jr.,J. Smith Jr.,0,0,0,,0,102,110,212,h,Smith Jr. Free Throw 1 of 2 (10 PTS),Free Throw,Free Throw 1 of 2,1,0,475
0022200789,642,PT00M34.60S,4,1610612761,TOR,1630173,Achiuwa,P. Achiuwa,0,0,0,,0,,,0,v,Achiuwa T.FOUL (P6.PN) (S.Corbin),Foul,Technical,0,0,476
0022200789,643,PT00M34.60S,4,1610612745,HOU,201569,Gordon,E. Gordon,0,0,0,,0,103,110,213,h,Gordon Free Throw Technical (28 PTS),Free Throw,Free Throw Technical,1,0,477
0022200789,644,PT00M34.60S,4,1610612745,HOU,1631095,Smith Jr.,J. Smith Jr.,0,0,0,,0,104,110,214,h,Smith Jr. Free Throw 2 of 2 (11 PTS),Free Throw,Free Throw 2 of 2,1,0,478
0022200789,645,PT00M34.20S,4,1610612745,HOU,1631095,Smith Jr.,J. Smith Jr.,0,0,0,,0,,,0,h,Smith Jr. P.FOUL (P2.PN) (S.Corbin),Foul,Personal,1,0,479
0022200789,647,PT00M34.20S,4,1610612761,TOR,1627783,Siakam,P. Siakam,0,0,0,,0,104,111,215,v,Siakam Free Throw 1 of 2 (22 PTS),Free Throw,Free Throw 1 of 2,1,0,480
0022200789,648,PT00M34.20S,4,1610612761,TOR,1627783,Siakam,P. Siakam,0,0,0,,0,104,112,216,v,Siakam Free Throw 2 of 2 (23 PTS),Free Throw,Free Throw 2 of 2,1,0,481
0022200789,649,PT00M34.20S,4,0,,1610612745,,,0,0,0,,0,,,0,h,ROCKETS Timeout: Regular (Full 6 Short 0),Timeout,Regular,0,0,482
0022200789,650,PT00M28.60S,4,1610612761,TOR,1630567,Barnes,S. Barnes,0,0,0,,0,,,0,v,Barnes S.FOUL (P3.PN) (S.Mehta),Foul,Shooting,1,0,483
0022200789,652,PT00M28.60S,4,1610612745,HOU,1630578,Sengun,A. Sengun,0,0,0,,0,105,112,217,h,Sengun Free Throw 1 of 2 (20 PTS),Free Throw,Free Throw 1 of 2,1,0,484
0022200789,653,PT00M28.60S,4,1610612745,HOU,1630578,Sengun,A. Sengun,0,0,0,,0,106,112,218,h,Sengun Free Throw 2 of 2 (21 PTS),Free Throw,Free Throw 2 of 2,1,0,485
0022200789,654,PT00M22.10S,4,1610612745,HOU,201569,Gordon,E. Gordon,0,0,0,,0,,,0,h,Gordon Personal Take Foul (P3.PN) (S.Mehta),Foul,Personal Take,1,0,486
0022200789,656,PT00M22.10S,4,1610612761,TOR,1629018,Trent Jr.,G. Trent Jr.,0,0,0,,0,106,113,219,v,Trent Jr. Free Throw 1 of 2 (26 PTS),Free Throw,Free Throw 1 of 2,1,0,487
0022200789,657,PT00M22.10S,4,1610612761,TOR,1629018,Trent Jr.,G. Trent Jr.,0,0,0,,0,106,114,220,v,Trent Jr. Free Throw 2 of 2 (27 PTS),Free Throw,Free Throw 2 of 2,1,0,488
0022200789,658,PT00M13.00S,4,1610612745,HOU,1630227,Nix,D. Nix,10,64,6,Made,1,108,114,222,h,Nix 6' Driving Finger Roll Layup (7 PTS),Made Shot,Driving Finger Roll Layup Shot,1,2,489
0022200789,659,PT00M11.30S,4,1610612745,HOU,201569,Gordon,E. Gordon,0,0,0,,0,,,0,h,Gordon Personal Take Foul (P4.PN) (S.Corbin),Foul,Personal Take,1,0,490
0022200789,661,PT00M11.30S,4,1610612761,TOR,1627832,VanVleet,F. VanVleet,0,0,0,,0,108,115,223,v,VanVleet Free Throw 1 of 2 (32 PTS),Free Throw,Free Throw 1 of 2,1,0,491
0022200789,662,PT00M11.30S,4,1610612761,TOR,1627832,VanVleet,F. VanVleet,0,0,0,,0,,,0,v,MISS VanVleet Free Throw 2 of 2,Free Throw,Free Throw 2 of 2,1,0,492
0022200789,663,PT00M10.60S,4,1610612745,HOU,1631095,Smith Jr.,J. Smith Jr.,0,0,0,,0,,,0,h,Smith Jr. REBOUND (Off:1 Def:7),Rebound,Unknown,1,0,493
0022200789,664,PT00M01.90S,4,1610612745,HOU,1631095,Smith Jr.,J. Smith Jr.,-32,241,24,Made,1,111,115,226,h,Smith Jr. 24' 3PT Pullup Jump Shot (14 PTS) (Gordon 5 AST),Made Shot,Pullup Jump shot,1,3,494
0022200789,666,PT00M00.90S,4,1610612745,HOU,1630227,Nix,D. Nix,0,0,0,,0,,,0,h,Nix Personal Take Foul (P3.PN) (S.Corbin),Foul,Personal Take,1,0,495
0022200789,668,PT00M00.90S,4,1610612761,TOR,1629018,Trent Jr.,G. Trent Jr.,0,0,0,,0,111,116,227,v,Trent Jr. Free Throw 1 of 2 (28 PTS),Free Throw,Free Throw 1 of 2,1,0,496
0022200789,669,PT00M00.90S,4,1610612761,TOR,1629018,Trent Jr.,G. Trent Jr.,0,0,0,,0,111,117,228,v,Trent Jr. Free Throw 2 of 2 (29 PTS),Free Throw,Free Throw 2 of 2,1,0,497
0022200789,670,PT00M00.00S,4,0,,0,,,0,0,0,,0,111,117,228,,End of 4th Period (10:26 PM EST),period,end,1,0,498
